%01/22/2016 5:42 PM

-61.2985   0
-64.4499   31.25
-73.0634   62.5
-76.303   93.75
-75.3388   125
-78.6313   156.25
-80.3069   187.5
-77.8669   218.75
-79.3015   250
-82.7587   281.25
-82.9115   312.5
-82.0531   343.75
-82.0825   375
-82.1884   406.25
-82.353   437.5
-82.8175   468.75
-82.6587   500
-81.9003   531.25
-81.6475   562.5
-82.4529   593.75
-82.5353   625
-81.3182   656.25
-81.2418   687.5
-82.2119   718.75
-82.0943   750
-81.2241   781.25
-81.671   812.5
-82.547   843.75
-81.9767   875
-80.8478   906.25
-81.8709   937.5
-83.0997   968.75
-82.1825   1000
-81.3241   1031.25
-82.1942   1062.5
-82.6764   1093.75
-82.5059   1125
-82.6234   1156.25
-83.3701   1187.5
-83.7641   1218.75
-83.0938   1250
-82.4765   1281.25
-82.0825   1312.5
-82.2942   1343.75
-82.5529   1375
-82.7528   1406.25
-83.0291   1437.5
-83.329   1468.75
-82.5764   1500
-82.1296   1531.25
-82.647   1562.5
-81.718   1593.75
-79.8895   1625
-80.401   1656.25
-81.6475   1687.5
-80.0541   1718.75
-78.3079   1750
-79.8483   1781.25
-81.183   1812.5
-79.278   1843.75
-78.3079   1875
-79.9365   1906.25
-81.377   1937.5
-79.4015   1968.75
-78.4079   2000
-79.9248   2031.25
-80.8184   2062.5
-80.1658   2093.75
-80.0835   2125
-80.3422   2156.25
-80.3304   2187.5
-80.2599   2218.75
-80.1599   2250
-80.2717   2281.25
-79.8895   2312.5
-79.1839   2343.75
-79.472   2375
-79.9012   2406.25
-78.4549   2437.5
-77.2849   2468.75
-78.7783   2500
-79.425   2531.25
-78.0316   2562.5
-77.179   2593.75
-78.4255   2625
-79.3015   2656.25
-78.155   2687.5
-78.108   2718.75
-79.7895   2750
-80.0659   2781.25
-79.0899   2812.5
-78.8018   2843.75
-79.7425   2875
-80.1305   2906.25
-79.278   2937.5
-78.7195   2968.75
-79.0252   3000
-78.8665   3031.25
-78.4255   3062.5
-78.8841   3093.75
-79.3662   3125
-78.8959   3156.25
-77.8905   3187.5
-78.1844   3218.75
-78.9488   3250
-78.255   3281.25
-77.7317   3312.5
-78.2667   3343.75
-78.3373   3375
-77.8728   3406.25
-77.6729   3437.5
-78.1786   3468.75
-78.643   3500
-77.9022   3531.25
-77.5083   3562.5
-78.1786   3593.75
-78.2667   3625
-76.9674   3656.25
-77.132   3687.5
-78.6019   3718.75
-78.8606   3750
-78.0139   3781.25
-78.1256   3812.5
-79.6367   3843.75
-80.3187   3875
-79.7249   3906.25
-79.6719   3937.5
-80.7126   3968.75
-80.5303   4000
-79.719   4031.25
-80.9831   4062.5
-82.4   4093.75
-81.3711   4125
-80.8008   4156.25
-82.3236   4187.5
-83.5642   4218.75
-83.6524   4250
-83.67   4281.25
-84.1639   4312.5
-84.3285   4343.75
-83.4289   4375
-82.9115   4406.25
-83.6818   4437.5
-83.3819   4468.75
-82.1531   4500
-82.6234   4531.25
-83.6347   4562.5
-83.7053   4593.75
-83.3172   4625
-83.3937   4656.25
-83.9875   4687.5
-84.0816   4718.75
-83.7876   4750
-84.8459   4781.25
-85.5338   4812.5
-84.6048   4843.75
-83.864   4875
-85.1164   4906.25
-86.3746   4937.5
-86.2629   4968.75
-85.0458   5000
-85.1869   5031.25
-86.2981   5062.5
-85.6749   5093.75
-84.8812   5125
-85.134   5156.25
-85.2398   5187.5
-84.5402   5218.75
-84.7401   5250
-85.8513   5281.25
-86.5568   5312.5
-86.8684   5343.75
-87.0095   5375
-87.3388   5406.25
-87.5681   5437.5
-87.4035   5468.75
-88.0973   5500
-88.7264   5531.25
-87.8738   5562.5
-87.4917   5593.75
-87.962   5625
-87.1507   5656.25
-86.351   5687.5
-86.1688   5718.75
-86.4863   5750
-86.6862   5781.25
-87.2212   5812.5
-86.8626   5843.75
-86.6215   5875
-86.01   5906.25
-84.9282   5937.5
-85.7572   5968.75
-88.3148   6000
-87.7268   6031.25
-85.8454   6062.5
-86.5216   6093.75
-87.8621   6125
-86.9096   6156.25
-85.6102   6187.5
-85.9865   6218.75
-85.5926   6250
-83.9522   6281.25
-83.1526   6312.5
-85.328   6343.75
-86.8626   6375
-88.1854   6406.25
-89.2967   6437.5
-90.6372   6468.75
-87.5328   6500
-82.6822   6531.25
-82.6176   6562.5
-86.9684   6593.75
-89.4672   6625
-89.2732   6656.25
-87.8974   6687.5
-85.8219   6718.75
-83.6524   6750
-81.865   6781.25
-83.2643   6812.5
-85.6749   6843.75
-85.7043   6875
-85.7161   6906.25
-88.2148   6937.5
-89.3731   6968.75
-85.2457   7000
-83.6994   7031.25
-86.7156   7062.5
-88.4441   7093.75
-85.0458   7125
-84.1286   7156.25
-85.7161   7187.5
-85.1458   7218.75
-84.7283   7250
-85.1516   7281.25
-85.7455   7312.5
-84.3755   7343.75
-82.7293   7375
-83.8699   7406.25
-88.8204   7437.5
-89.4731   7468.75
-86.9331   7500
-87.8268   7531.25
-88.1384   7562.5
-84.7342   7593.75
-82.4706   7625
-84.0404   7656.25
-84.9282   7687.5
-84.7224   7718.75
-85.1458   7750
-87.0801   7781.25
-86.4686   7812.5
-83.6759   7843.75
-83.0997   7875
-87.5446   7906.25
-90.2903   7937.5
-85.6279   7968.75
-84.9576   8000
-86.9096   8031.25
-85.9748   8062.5
-84.2109   8093.75
-84.7342   8125
-85.4103   8156.25
-83.9699   8187.5
-82.6705   8218.75
-84.0992   8250
-87.7386   8281.25
-88.7793   8312.5
-88.9733   8343.75
-90.6254   8375
-90.3726   8406.25
-84.6048   8437.5
-82.1707   8468.75
-84.599   8500
-86.6744   8531.25
-88.4324   8562.5
-90.9312   8593.75
-89.1614   8625
-86.1982   8656.25
-83.3995   8687.5
-83.476   8718.75
-88.3795   8750
-89.6847   8781.25
-85.6102   8812.5
-85.9748   8843.75
-89.2026   8875
-89.5906   8906.25
-89.0615   8937.5
-89.0497   8968.75
-87.6387   9000
-84.5225   9031.25
-82.1942   9062.5
-84.4285   9093.75
-89.3319   9125
-89.2496   9156.25
-88.4265   9187.5
-91.0311   9218.75
-92.0659   9250
-87.1389   9281.25
-85.5044   9312.5
-88.0737   9343.75
-86.9625   9375
-82.306   9406.25
-81.7944   9437.5
-86.2511   9468.75
-89.6494   9500
-88.5794   9531.25
-89.2026   9562.5
-92.6891   9593.75
-90.0551   9625
-85.9748   9656.25
-86.9331   9687.5
-90.4373   9718.75
-84.9811   9750
-81.0419   9781.25
-83.0233   9812.5
-88.6382   9843.75
-85.5808   9875
-83.1996   9906.25
-86.1688   9937.5
-92.3775   9968.75
-93.1948   10000
-92.3893   10031.3
-93.5181   10062.5
-90.014   10093.8
-83.964   10125
-82.9703   10156.3
-87.2624   10187.5
-85.863   10218.8
-80.107   10250
-80.1599   10281.3
-85.8513   10312.5
-84.3991   10343.8
-79.4838   10375
-80.4657   10406.3
-86.9214   10437.5
-85.1046   10468.8
-81.0654   10500
-82.9586   10531.3
-89.4554   10562.5
-86.7861   10593.8
-83.9111   10625
-86.6803   10656.3
-92.4128   10687.5
-89.4437   10718.8
-87.5269   10750
-90.5843   10781.3
-93.8709   10812.5
-91.037   10843.8
-90.3079   10875
-93.0713   10906.3
-95.2644   10937.5
-94.2413   10968.8
-94.0532   11000
-95.5466   11031.3
-95.9464   11062.5
-95.1291   11093.8
-95.1115   11125
-95.5936   11156.3
-95.4525   11187.5
-94.5823   11218.8
-94.1649   11250
-95.182   11281.3
-95.2879   11312.5
-94.6999   11343.8
-95.3937   11375
-96.2345   11406.3
-96.646   11437.5
-96.6519   11468.8
-95.917   11500
-94.9821   11531.3
-95.3173   11562.5
-96.1286   11593.8
-96.7284   11625
-96.8224   11656.3
-96.2991   11687.5
-95.3584   11718.8
-95.0115   11750
-94.9175   11781.3
-95.2173   11812.5
-95.0233   11843.8
-93.8062   11875
-93.718   11906.3
-95.8053   11937.5
-97.0694   11968.8
-97.3633   12000
-97.0811   12031.3
-96.2991   12062.5
-94.7881   12093.8
-93.2536   12125
-93.9415   12156.3
-95.1174   12187.5
-95.1997   12218.8
-95.235   12250
-96.0346   12281.3
-96.1522   12312.5
-95.2585   12343.8
-95.235   12375
-96.2756   12406.3
-96.7107   12437.5
-94.4059   12468.8
