%04/14/2017 10:22 AM

-46.4249   0
-49.5058   250
-59.2011   500
-76.134   750
-89.3158   1000
-94.3369   1250
-97.9822   1500
-101.022   1750
-103.656   2000
-106.014   2250
-107.384   2500
-107.907   2750
-109.7   3000
-111.611   3250
-112.881   3500
-114.092   3750
-115.197   4000
-117.073   4250
-117.72   4500
-116.591   4750
-114.651   5000
-109.865   5250
-108.459   5500
-111.905   5750
-116.42   6000
-119.801   6250
-122.506   6500
-120.03   6750
-121.018   7000
-122.459   7250
-120.689   7500
-117.678   7750
-113.986   8000
-114.762   8250
-121.765   8500
-124.458   8750
-124.216   9000
-122.964   9250
-120.342   9500
-119.789   9750
-117.684   10000
-115.85   10250
-110.658   10500
-104.891   10750
-104.826   11000
-110.141   11250
-116.867   11500
-121.982   11750
-122.947   12000
-121.741   12250
-125.939   12500
-125.14   12750
-121.63   13000
-117.814   13250
-115.203   13500
-117.908   13750
-124.951   14000
-124.064   14250
-125.163   14500
-123.975   14750
-122.435   15000
-122.411   15250
-121.147   15500
-121.106   15750
-114.897   16000
-110.47   16250
-112.258   16500
-118.99   16750
-124.769   17000
-127.58   17250
-122.994   17500
-123.27   17750
-127.838   18000
-124.346   18250
-121.635   18500
-118.249   18750
-117.126   19000
-121.671   19250
-126.145   19500
-126.168   19750
-128.115   20000
-123.752   20250
-121.982   20500
-120.601   20750
-117.955   21000
-110.864   21250
-102.615   21500
-100.287   21750
-103.856   22000
-111.587   22250
-118.043   22500
-122.253   22750
-123.023   23000
-123.94   23250
-122.647   23500
-120.577   23750
-119.842   24000
-118.484   24250
-119.389   24500
-124.987   24750
-126.715   25000
-128.209   25250
-127.903   25500
-123.87   25750
-123.917   26000
-125.051   26250
-126.892   26500
-120.554   26750
-113.663   27000
-113.733   27250
-120.971   27500
-128.785   27750
-127.562   28000
-125.222   28250
-124.34   28500
-128.697   28750
-128.103   29000
-125.387   29250
-123.734   29500
-120.448   29750
-121   30000
-123.852   30250
-124.981   30500
-128.22   30750
-127.485   31000
-125.857   31250
-129.837   31500
-130.984   31750
-122.782   32000
-112.505   32250
-108.365   32500
-110.794   32750
-120.654   33000
-128.25   33250
-127.144   33500
-125.869   33750
-126.856   34000
-128.15   34250
-125.422   34500
-125.075   34750
-123.317   35000
-121.047   35250
-123.364   35500
-127.344   35750
-129.914   36000
-132.13   36250
-126.639   36500
-126.027   36750
-129.461   37000
-129.279   37250
-122.8   37500
-116.444   37750
-115.127   38000
-120.295   38250
-128.156   38500
-126.756   38750
-126.645   39000
-125.445   39250
-127.585   39500
-130.513   39750
-129.249   40000
-129.931   40250
-123.458   40500
-120.701   40750
-120.677   41000
-117.408   41250
-117.608   41500
-122.888   41750
-125.192   42000
-125.345   42250
-122.217   42500
-116.35   42750
-107.854   43000
-102.262   43250
-102.539   43500
-109.206   43750
-118.114   44000
-121.053   44250
-123.681   44500
-126.509   44750
-128.062   45000
-122.705   45250
-122.582   45500
-124.934   45750
-121.994   46000
-121.659   46250
-125.263   46500
-129.049   46750
-133.265   47000
-130.108   47250
-129.126   47500
-133.277   47750
-129.496   48000
-125.198   48250
-120.342   48500
-117.449   48750
-120.495   49000
-128.62   49250
-126.709   49500
-129.573   49750
-130.02   50000
-129.191   50250
-131.272   50500
-130.719   50750
-131.319   51000
-126.451   51250
-122.547   51500
-124.569   51750
-130.296   52000
-132.783   52250
-135.293   52500
-130.602   52750
-131.472   53000
-130.819   53250
-124.752   53500
-120.201   53750
-114.968   54000
-113.004   54250
-116.367   54500
-122.541   54750
-125.71   55000
-128.679   55250
-129.837   55500
-131.778   55750
-133.283   56000
-131.766   56250
-130.413   56500
-124.828   56750
-123.082   57000
-127.186   57250
-132.877   57500
-133.741   57750
-133.324   58000
-131.054   58250
-133.012   58500
-130.225   58750
-126.574   59000
-123.97   59250
-120.077   59500
-119.413   59750
-123.717   60000
-128.15   60250
-130.643   60500
-132.107   60750
-129.796   61000
-132.042   61250
-134.235   61500
-132.183   61750
-128.267   62000
-124.011   62250
-124.681   62500
-131.084   62750
-131.795   63000
-133.624   63250
-133.153   63500
-129.878   63750
-127.938   64000
-124.528   64250
-121.177   64500
-115.321   64750
-110.376   65000
-110.752   65250
-116.209   65500
-122.829   65750
-127.803   66000
-131.154   66250
-132.201   66500
-132.612   66750
-128.497   67000
-127.003   67250
-125.157   67500
-123.676   67750
-126.686   68000
-134.994   68250
-135.429   68500
-135.717   68750
-132.301   69000
-130.949   69250
-130.143   69500
-128.414   69750
-127.944   70000
-123.881   70250
-120.307   70500
-122.723   70750
-129.914   71000
-133.171   71250
-134.641   71500
-130.854   71750
-131.548   72000
-136.487   72250
-132.901   72500
-129.737   72750
-126.139   73000
-125.439   73250
-130.231   73500
-132.895   73750
-132.571   74000
-134.676   74250
-131.76   74500
-130.431   74750
-129.984   75000
-129.543   75250
-125.387   75500
-117.167   75750
-114.98   76000
-119.037   76250
-127.391   76500
-132.024   76750
-133.142   77000
-131.966   77250
-134.5   77500
-133.142   77750
-129.573   78000
-127.768   78250
-126.08   78500
-127.474   78750
-133.265   79000
-134.141   79250
-135.952   79500
-136.005   79750
-132.16   80000
-131.766   80250
-131.437   80500
-131.372   80750
-126.727   81000
-121.077   81250
-121.4   81500
-128.32   81750
-135.917   82000
-136.369   82250
-133.583   82500
-132.754   82750
-135.858   83000
-133.1   83250
-131.06   83500
-129.743   83750
-127.638   84000
-129.355   84250
-130.784   84500
-128.326   84750
-131.919   85000
-134.758   85250
-132.507   85500
-133.506   85750
-133.976   86000
-117.52   86250
-105.484   86500
-101.145   86750
-103.509   87000
-113.104   87250
-131.901   87500
-137.328   87750
-133.882   88000
-133.712   88250
-129.461   88500
-125.457   88750
-126.345   89000
-128.079   89250
-127.921   89500
-130.796   89750
-133.777   90000
-134.335   90250
-128.85   90500
-124.328   90750
-125.498   91000
-130.149   91250
-134.323   91500
-131.983   91750
-124.158   92000
-122.529   92250
-128.444   92500
-134.653   92750
-132.965   93000
-133.377   93250
-132.389   93500
-135.188   93750
-136.134   94000
-132.795   94250
-131.466   94500
-128.209   94750
-127.697   95000
-130.737   95250
-132.442   95500
-135.146   95750
-137.681   96000
-134.188   96250
-137.281   96500
-138.298   96750
-130.325   97000
-122.435   97250
-117.385   97500
-118.067   97750
-125.651   98000
-133.547   98250
-130.084   98500
-128.797   98750
-131.448   99000
-135.141   99250
-132.577   99500
-132.512   99750
