%04/14/2017 10:22 AM

-46.1368   0
-41.5332   31.25
-40.8865   62.5
-47.0011   93.75
-58.4955   125
-59.5774   156.25
-64.228   187.5
-70.4956   218.75
-68.3084   250
-71.6127   281.25
-77.3922   312.5
-74.3055   343.75
-76.281   375
-82.3016   406.25
-79.0385   437.5
-79.7029   468.75
-85.7117   500
-83.1953   531.25
-82.5662   562.5
-87.9871   593.75
-86.9758   625
-85.0885   656.25
-89.5157   687.5
-90.4682   718.75
-87.4226   750
-90.6564   781.25
-93.6373   812.5
-89.6921   843.75
-91.6441   875
-96.3242   906.25
-92.0968   937.5
-92.7495   968.75
-98.0939   1000
-94.4133   1031.25
-93.7725   1062.5
-98.9758   1093.75
-96.9415   1125
-95.0248   1156.25
-99.358   1187.5
-99.3874   1218.75
-96.2771   1250
-99.4403   1281.25
-101.651   1312.5
-97.653   1343.75
-99.5638   1375
-103.591   1406.25
-99.3404   1437.5
-100.034   1468.75
-105.179   1500
-101.245   1531.25
-100.616   1562.5
-105.643   1593.75
-103.115   1625
-101.187   1656.25
-105.343   1687.5
-105.126   1718.75
-102.145   1750
-105.337   1781.25
-107.266   1812.5
-103.18   1843.75
-105.096   1875
-109.053   1906.25
-104.655   1937.5
-105.167   1968.75
-109.047   2000
-105.661   2031.25
-105.226   2062.5
-110.141   2093.75
-107.742   2125
-105.861   2156.25
-110.129   2187.5
-109.571   2218.75
-106.437   2250
-109.635   2281.25
-111.611   2312.5
-107.454   2343.75
-109.112   2375
-112.193   2406.25
-108.407   2437.5
-109.1   2468.75
-113.663   2500
-109.847   2531.25
-109.2   2562.5
-113.486   2593.75
-110.876   2625
-107.225   2656.25
-104.72   2687.5
-105.214   2718.75
-108.248   2750
-112.687   2781.25
-114.48   2812.5
-110.653   2843.75
-112.604   2875
-116.32   2906.25
-111.799   2937.5
-112.422   2968.75
-117.12   3000
-112.687   3031.25
-111.893   3062.5
-115.956   3093.75
-114.027   3125
-112.44   3156.25
-116.244   3187.5
-115.256   3218.75
-112.416   3250
-115.556   3281.25
-116.726   3312.5
-112.434   3343.75
-112.652   3375
-113.669   3406.25
-113.898   3437.5
-115.556   3468.75
-119.213   3500
-115.609   3531.25
-115.115   3562.5
-119.883   3593.75
-116.949   3625
-114.997   3656.25
-118.261   3687.5
-117.226   3718.75
-114.674   3750
-117.937   3781.25
-119.93   3812.5
-115.821   3843.75
-117.696   3875
-120.471   3906.25
-115.65   3937.5
-116.138   3968.75
-117.749   4000
-111.834   4031.25
-110.929   4062.5
-114.633   4093.75
-116.62   4125
-116.826   4156.25
-120.207   4187.5
-120.013   4218.75
-117.767   4250
-120.995   4281.25
-122.758   4312.5
-118.602   4343.75
-120.313   4375
-121.923   4406.25
-117.096   4437.5
-117.837   4468.75
-123.17   4500
-119.378   4531.25
-118.631   4562.5
-122.694   4593.75
-120.148   4625
-118.478   4656.25
-121.165   4687.5
-114.845   4718.75
-111.546   4750
-114.809   4781.25
-120.989   4812.5
-118.214   4843.75
-119.948   4875
-122.747   4906.25
-118.537   4937.5
-119.284   4968.75
-122.435   5000
-116.861   5031.25
-116.144   5062.5
-120.995   5093.75
-121.494   5125
-120.019   5156.25
-123.076   5187.5
-120.271   5218.75
-117.073   5250
-117.39   5281.25
-113.874   5312.5
-109.653   5343.75
-107.272   5375
-104.12   5406.25
-100.81   5437.5
-101.751   5468.75
-108.577   5500
-112.928   5531.25
-113.192   5562.5
-118.56   5593.75
-118.766   5625
-117.091   5656.25
-121.124   5687.5
-119.178   5718.75
-115.891   5750
-118.008   5781.25
-120.689   5812.5
-120.318   5843.75
-122.206   5875
-124.863   5906.25
-122.523   5937.5
-122.5   5968.75
-122.823   6000
-119.66   6031.25
-116.532   6062.5
-114.116   6093.75
-115.644   6125
-119.889   6156.25
-123.252   6187.5
-123.781   6218.75
-122.641   6250
-122.17   6281.25
-122.37   6312.5
-123.27   6343.75
-120.906   6375
-119.525   6406.25
-121.289   6437.5
-124.275   6468.75
-129.937   6500
-126.792   6531.25
-125.416   6562.5
-126.41   6593.75
-125.645   6625
-124.34   6656.25
-123.482   6687.5
-123.399   6718.75
-119.166   6750
-112.863   6781.25
-112.252   6812.5
-117.543   6843.75
-123.993   6875
-124.334   6906.25
-122.247   6937.5
-122.811   6968.75
-125.686   7000
-124.981   7031.25
-122.364   7062.5
-120.113   7093.75
-121.406   7125
-124.822   7156.25
-129.749   7187.5
-128.532   7218.75
-125.392   7250
-128.414   7281.25
-130.637   7312.5
-126.298   7343.75
-124.481   7375
-123.611   7406.25
-123.017   7437.5
-118.278   7468.75
-115.603   7500
-118.631   7531.25
-123.164   7562.5
-120.871   7593.75
-121.765   7625
-123.623   7656.25
-122.817   7687.5
-123.105   7718.75
-122.182   7750
-117.496   7781.25
-117.014   7812.5
-121.777   7843.75
-122.029   7875
-120.465   7906.25
-123.082   7937.5
-122.118   7968.75
-119.766   8000
-120.542   8031.25
-113.857   8062.5
-109.059   8093.75
-108.324   8125
-108.771   8156.25
-111.77   8187.5
-115.621   8218.75
-120.101   8250
-121.388   8281.25
-121.1   8312.5
-121.359   8343.75
-123.546   8375
-124.246   8406.25
-119.801   8437.5
-119.448   8468.75
-121.206   8500
-123.964   8531.25
-126.239   8562.5
-125.769   8593.75
-124.505   8625
-124.299   8656.25
-128.091   8687.5
-124.84   8718.75
-121.283   8750
-121.518   8781.25
-120.189   8812.5
-117.837   8843.75
-119.913   8875
-126.621   8906.25
-126.68   8937.5
-125.963   8968.75
-125.957   9000
-125.992   9031.25
-126.78   9062.5
-126.939   9093.75
-120.654   9125
-118.684   9156.25
-121.829   9187.5
-125.175   9218.75
-125.351   9250
-124.669   9281.25
-123.617   9312.5
-122.7   9343.75
-124.363   9375
-120.489   9406.25
-114.833   9437.5
-115.462   9468.75
-120.895   9500
-117.479   9531.25
-116.779   9562.5
-121.847   9593.75
-124.128   9625
-123.176   9656.25
-127.585   9687.5
-129.208   9718.75
-126.368   9750
-128.744   9781.25
-122.958   9812.5
-118.266   9843.75
-120.066   9875
-125.322   9906.25
-122.606   9937.5
-123.346   9968.75
-128.297   10000
-125.081   10031.3
-124.346   10062.5
-124.522   10093.8
-117.473   10125
-115.097   10156.3
-116.497   10187.5
-119.172   10218.8
-124.675   10250
-122.417   10281.3
-121.753   10312.5
-125.14   10343.8
-120.23   10375
-118.225   10406.3
-121.241   10437.5
-117.426   10468.8
-114.292   10500
-117.044   10531.3
-117.949   10562.5
-114.263   10593.8
-116.026   10625
-115.468   10656.3
-109.9   10687.5
-110.394   10718.8
-108.43   10750
-101.169   10781.3
-98.8347   10812.5
-97.9822   10843.8
-98.7407   10875
-100.534   10906.3
-105.667   10937.5
-112.352   10968.8
-110.37   11000
-113.586   11031.3
-118.002   11062.5
-114.509   11093.8
-116.332   11125
-118.643   11156.3
-113.722   11187.5
-114.315   11218.8
-119.983   11250
-118.008   11281.3
-117.326   11312.5
-121.183   11343.8
-118.849   11375
-117.22   11406.3
-120.512   11437.5
-115.938   11468.8
-112.675   11500
-115.691   11531.3
-123.17   11562.5
-127.973   11593.8
-129.42   11625
-128.509   11656.3
-126.327   11687.5
-127.086   11718.8
-128.914   11750
-124.269   11781.3
-123.646   11812.5
-128.644   11843.8
-130.408   11875
-128.779   11906.3
-129.167   11937.5
-130.831   11968.8
-132.201   12000
-127.785   12031.3
-127.38   12062.5
-131.478   12093.8
-127.321   12125
-118.943   12156.3
-113.475   12187.5
-114.116   12218.8
-120.906   12250
-128.891   12281.3
-130.901   12312.5
-133.877   12343.8
-132.818   12375
-131.26   12406.3
-131.295   12437.5
-132.677   12468.8
