%03/12/2016 11:28 AM

-52.4783   0
-55.7414   31.25
-65.3367   62.5
-68.6586   93.75
-67.277   125
-70.4048   156.25
-75.6729   187.5
-76.0903   218.75
-76.1844   250
-80.4294   281.25
-83.2809   312.5
-83.569   343.75
-83.7043   375
-83.2868   406.25
-82.5636   437.5
-81.8169   468.75
-81.57   500
-80.9821   531.25
-80.2118   562.5
-79.8356   593.75
-79.2829   625
-78.5009   656.25
-77.7189   687.5
-77.4014   718.75
-77.9247   750
-78.1658   781.25
-78.3363   812.5
-78.5479   843.75
-78.8831   875
-79.3064   906.25
-80.206   937.5
-81.2055   968.75
-81.3407   1000
-81.7052   1031.25
-82.399   1062.5
-82.7929   1093.75
-83.0281   1125
-83.3397   1156.25
-83.7807   1187.5
-84.4686   1218.75
-85.0977   1250
-85.4093   1281.25
-85.4446   1312.5
-85.5916   1343.75
-85.8503   1375
-86.2266   1406.25
-86.156   1437.5
-85.9502   1468.75
-85.7386   1500
-86.0913   1531.25
-86.4265   1562.5
-86.3383   1593.75
-86.7851   1625
-87.0732   1656.25
-86.7675   1687.5
-86.8733   1718.75
-87.0262   1750
-87.279   1781.25
-87.3495   1812.5
-87.5259   1843.75
-87.4083   1875
-87.5788   1906.25
-87.914   1937.5
-87.5553   1968.75
-87.3143   2000
-87.4613   2031.25
-87.8493   2062.5
-88.0727   2093.75
-88.0551   2125
-87.6906   2156.25
-87.3613   2187.5
-87.2026   2218.75
-87.326   2250
-87.6376   2281.25
-87.6318   2312.5
-87.4848   2343.75
-87.4848   2375
-87.6024   2406.25
-87.7493   2437.5
-87.573   2468.75
-87.232   2500
-87.4377   2531.25
-87.667   2562.5
-87.6082   2593.75
-87.3966   2625
-87.2731   2656.25
-86.7792   2687.5
-86.256   2718.75
-86.2912   2750
-86.8557   2781.25
-86.8321   2812.5
-86.5499   2843.75
-86.6322   2875
-86.5617   2906.25
-86.1266   2937.5
-86.009   2968.75
-86.2677   3000
-86.2324   3031.25
-86.2266   3062.5
-85.8914   3093.75
-85.6915   3125
-85.5269   3156.25
-85.3976   3187.5
-85.4446   3218.75
-85.5916   3250
-85.8444   3281.25
-86.1501   3312.5
-85.6915   3343.75
-85.5798   3375
-85.8679   3406.25
-85.7268   3437.5
-85.5387   3468.75
-85.3564   3500
-85.0389   3531.25
-85.0389   3562.5
-84.8037   3593.75
-84.5274   3625
-84.2687   3656.25
-84.4686   3687.5
-84.5391   3718.75
-84.4333   3750
-84.7449   3781.25
-84.7155   3812.5
-84.5568   3843.75
-84.7273   3875
-84.5921   3906.25
-84.1041   3937.5
-83.7866   3968.75
-83.7689   4000
-84.1041   4031.25
-84.2511   4062.5
-83.9277   4093.75
-84.0688   4125
-84.4098   4156.25
-84.2099   4187.5
-84.1335   4218.75
-84.2158   4250
-83.9571   4281.25
-83.9218   4312.5
-84.1511   4343.75
-84.4392   4375
-85.0036   4406.25
-84.839   4437.5
-84.3686   4468.75
-84.4568   4500
-84.7978   4531.25
-84.8155   4562.5
-85.0036   4593.75
-85.1036   4625
-85.3858   4656.25
-85.2682   4687.5
-85.28   4718.75
-85.6092   4750
-85.8973   4781.25
-85.9502   4812.5
-85.9561   4843.75
-86.0267   4875
-86.5264   4906.25
-86.6499   4937.5
-86.5264   4968.75
-86.497   5000
-86.4382   5031.25
-86.6087   5062.5
-86.9556   5093.75
-87.2672   5125
-87.3437   5156.25
-87.3554   5187.5
-87.5788   5218.75
-87.7082   5250
-87.573   5281.25
-87.8317   5312.5
-87.8375   5343.75
-88.0022   5375
-88.3843   5406.25
-88.1727   5437.5
-88.1374   5468.75
-88.4666   5500
-88.8135   5531.25
-89.0076   5562.5
-89.1075   5593.75
-89.0605   5625
-89.1957   5656.25
-88.984   5687.5
-88.5078   5718.75
-88.9135   5750
-89.6131   5781.25
-89.6014   5812.5
-89.3309   5843.75
-89.5602   5875
-89.9836   5906.25
-90.2481   5937.5
-90.5186   5968.75
-90.0424   6000
-89.3662   6031.25
-89.4838   6062.5
-89.8424   6093.75
-89.8307   6125
-89.813   6156.25
-90.3892   6187.5
-90.842   6218.75
-90.7714   6250
-90.6715   6281.25
-90.4422   6312.5
-90.9125   6343.75
-91.2124   6375
-91.3535   6406.25
-91.3417   6437.5
-91.2712   6468.75
-91.6298   6500
-91.9003   6531.25
-91.7944   6562.5
-91.5475   6593.75
-91.2888   6625
-91.2418   6656.25
-91.5063   6687.5
-91.9532   6718.75
-92.2824   6750
-92.1707   6781.25
-92.4059   6812.5
-92.8998   6843.75
-92.5411   6875
-92.0943   6906.25
-92.353   6937.5
-93.2937   6968.75
-93.4877   7000
-92.7763   7031.25
-92.4294   7062.5
-92.5353   7093.75
-92.8645   7125
-93.1996   7156.25
-93.3231   7187.5
-93.2937   7218.75
-93.1879   7250
-93.0527   7281.25
-93.1467   7312.5
-93.3466   7343.75
-93.1408   7375
-93.2526   7406.25
-93.2996   7437.5
-93.2702   7468.75
-93.1996   7500
-93.717   7531.25
-94.305   7562.5
-94.5049   7593.75
-94.5931   7625
-94.0463   7656.25
-93.4172   7687.5
-92.888   7718.75
-93.4054   7750
-93.7935   7781.25
-93.8287   7812.5
-93.964   7843.75
-94.1521   7875
-94.2168   7906.25
-94.2403   7937.5
-94.1639   7968.75
-94.3461   8000
-94.4814   8031.25
-94.3461   8062.5
-94.452   8093.75
-94.4872   8125
-94.6284   8156.25
-94.8753   8187.5
-94.3579   8218.75
-93.9405   8250
-94.0463   8281.25
-94.2697   8312.5
-94.2579   8343.75
-94.2462   8375
-94.5225   8406.25
-94.9106   8437.5
-95.0576   8468.75
-95.0399   8500
-94.7342   8531.25
-94.7283   8562.5
-94.7401   8593.75
-94.7695   8625
-94.7459   8656.25
-94.7871   8687.5
-94.9635   8718.75
-95.134   8750
-95.1693   8781.25
-94.8459   8812.5
-94.7107   8843.75
-94.9988   8875
-95.2751   8906.25
-95.0399   8937.5
-95.0105   8968.75
-95.2575   9000
-95.134   9031.25
-95.1046   9062.5
-95.1634   9093.75
-95.3398   9125
-95.3692   9156.25
-95.4691   9187.5
-95.3104   9218.75
-95.4338   9250
-95.2927   9281.25
-95.2281   9312.5
-95.2751   9343.75
-95.5103   9375
-95.5691   9406.25
-95.575   9437.5
-95.9042   9468.75
-95.816   9500
-95.134   9531.25
-95.1575   9562.5
-95.4515   9593.75
-95.1105   9625
-95.3221   9656.25
-95.7396   9687.5
-95.7866   9718.75
-95.8337   9750
-96.0394   9781.25
-96.1982   9812.5
-95.4632   9843.75
-95.2869   9875
-95.4338   9906.25
-95.3457   9937.5
-95.4574   9968.75
-95.8807   10000
-95.9454   10031.3
-96.157   10062.5
-96.1747   10093.8
-96.0394   10125
-96.11   10156.3
-95.8866   10187.5
-95.6749   10218.8
-95.6102   10250
-95.6631   10281.3
-96.0453   10312.5
-96.2393   10343.8
-95.9865   10375
-96.0453   10406.3
-96.2629   10437.5
-96.0688   10468.8
-95.6867   10500
-95.7807   10531.3
-95.769   10562.5
-95.7631   10593.8
-96.0512   10625
-96.1747   10656.3
-96.2158   10687.5
-96.3981   10718.8
-96.5451   10750
-96.4334   10781.3
-96.1688   10812.5
-96.0865   10843.8
-95.9512   10875
-95.9218   10906.3
-96.0806   10937.5
-96.0159   10968.8
-96.3158   11000
-96.5039   11031.3
-96.5098   11062.5
-96.7156   11093.8
-96.6744   11125
-96.4804   11156.3
-96.5157   11187.5
-96.6215   11218.8
-96.8743   11250
-97.0566   11281.3
-96.9449   11312.5
-96.4392   11343.8
-96.1159   11375
-96.0982   11406.3
-96.3628   11437.5
-96.8743   11468.8
-97.2741   11500
-97.086   11531.3
-96.6921   11562.5
-96.8567   11593.8
-96.9566   11625
-97.1271   11656.3
-96.9214   11687.5
-96.7156   11718.8
-96.7979   11750
-96.745   11781.3
-96.8508   11812.5
-96.7979   11843.8
-96.7509   11875
-96.8861   11906.3
-96.6862   11937.5
-96.4569   11968.8
-96.4922   12000
-96.6391   12031.3
-96.6509   12062.5
-96.8802   12093.8
-97.086   12125
-96.8449   12156.3
-96.7097   12187.5
-96.8626   12218.8
-97.1918   12250
-97.3682   12281.3
-97.2682   12312.5
-97.3329   12343.8
-97.3035   12375
-97.3094   12406.3
-97.3741   12437.5
-97.4211   12468.8
