%03/12/2016 11:22 AM

-51.4905   0
-54.8183   31.25
-65.5307   62.5
-86.1207   93.75
-91.7709   125
-83.4985   156.25
-81.7875   187.5
-86.7263   218.75
-93.2937   250
-87.0379   281.25
-86.3794   312.5
-92.2354   343.75
-101.507   375
-102.007   406.25
-102.148   437.5
-104.482   468.75
-105.076   500
-104.688   531.25
-104.265   562.5
-103.983   593.75
-101.919   625
-99.7318   656.25
-100.796   687.5
-102.536   718.75
-102.554   750
-102.231   781.25
-102.642   812.5
-102.877   843.75
-102.842   875
-102.713   906.25
-103.377   937.5
-103.977   968.75
-103.483   1000
-103.183   1031.25
-103.718   1062.5
-103.354   1093.75
-102.724   1125
-103.083   1156.25
-104.065   1187.5
-104.5   1218.75
-103.959   1250
-104.041   1281.25
-104.477   1312.5
-103.994   1343.75
-103.501   1375
-103.818   1406.25
-104.2   1437.5
-103.512   1468.75
-103.071   1500
-103.624   1531.25
-103.983   1562.5
-103.941   1593.75
-103.7   1625
-103.753   1656.25
-103.912   1687.5
-103.93   1718.75
-103.683   1750
-103.871   1781.25
-103.994   1812.5
-104.018   1843.75
-104.183   1875
-104.224   1906.25
-103.983   1937.5
-103.777   1968.75
-103.671   2000
-103.477   2031.25
-103.318   2062.5
-103.165   2093.75
-103.048   2125
-103.259   2156.25
-103.63   2187.5
-103.777   2218.75
-103.718   2250
-103.371   2281.25
-103.277   2312.5
-102.701   2343.75
-102.472   2375
-102.854   2406.25
-102.677   2437.5
-102.172   2468.75
-102.166   2500
-102.495   2531.25
-102.289   2562.5
-101.948   2593.75
-102.025   2625
-102.072   2656.25
-101.59   2687.5
-101.313   2718.75
-101.719   2750
-101.907   2781.25
-101.654   2812.5
-101.431   2843.75
-101.337   2875
-101.16   2906.25
-100.831   2937.5
-100.778   2968.75
-101.178   3000
-101.413   3031.25
-101.208   3062.5
-100.972   3093.75
-101.307   3125
-101.202   3156.25
-100.555   3187.5
-100.449   3218.75
-100.502   3250
-100.496   3281.25
-100.196   3312.5
-100.22   3343.75
-100.079   3375
-100.143   3406.25
-100.173   3437.5
-99.8199   3468.75
-99.5201   3500
-99.1908   3531.25
-99.1085   3562.5
-99.0615   3593.75
-98.8675   3625
-98.844   3656.25
-98.9557   3687.5
-98.9557   3718.75
-99.0203   3750
-98.9145   3781.25
-98.8733   3812.5
-98.7793   3843.75
-98.5382   3875
-98.1972   3906.25
-97.8856   3937.5
-97.6916   3968.75
-97.8209   4000
-97.9855   4031.25
-98.0855   4062.5
-97.9032   4093.75
-97.5916   4125
-97.427   4156.25
-97.474   4187.5
-97.5093   4218.75
-97.6857   4250
-97.7092   4281.25
-97.8974   4312.5
-97.9385   4343.75
-97.9973   4375
-98.0149   4406.25
-97.9326   4437.5
-97.9914   4468.75
-97.9914   4500
-97.8562   4531.25
-97.7386   4562.5
-97.5269   4593.75
-97.2388   4625
-97.574   4656.25
-97.9268   4687.5
-97.8856   4718.75
-97.8974   4750
-97.9444   4781.25
-98.0149   4812.5
-98.0679   4843.75
-98.2031   4875
-98.303   4906.25
-98.2619   4937.5
-98.1031   4968.75
-98.1737   5000
-98.256   5031.25
-98.4089   5062.5
-98.2854   5093.75
-98.7734   5125
-99.3261   5156.25
-99.0321   5187.5
-98.0973   5218.75
-97.6798   5250
-98.2266   5281.25
-99.0674   5312.5
-99.2379   5343.75
-99.3026   5375
-99.1791   5406.25
-99.4907   5437.5
-99.9375   5468.75
-99.7906   5500
-99.1908   5531.25
-98.8675   5562.5
-99.1791   5593.75
-99.3084   5625
-99.1026   5656.25
-99.2967   5687.5
-99.5319   5718.75
-99.4437   5750
-99.2555   5781.25
-99.132   5812.5
-99.2438   5843.75
-99.1556   5875
-98.8204   5906.25
-98.9027   5937.5
-99.4319   5968.75
-99.673   6000
-99.62   6031.25
-99.3672   6062.5
-99.3319   6093.75
-99.4672   6125
-99.4378   6156.25
-99.1379   6187.5
-99.379   6218.75
-99.6906   6250
-99.5671   6281.25
-99.4731   6312.5
-99.526   6343.75
-99.4731   6375
-99.2673   6406.25
-99.0145   6437.5
-98.9498   6468.75
-99.2202   6500
-99.4378   6531.25
-99.7082   6562.5
-99.9081   6593.75
-99.9787   6625
-99.8023   6656.25
-99.279   6687.5
-98.9909   6718.75
-99.3026   6750
-99.7906   6781.25
-99.6318   6812.5
-99.5789   6843.75
-99.8964   6875
-99.62   6906.25
-99.4672   6937.5
-99.2379   6968.75
-99.2261   7000
-99.4907   7031.25
-99.7259   7062.5
-99.8376   7093.75
-99.72   7125
-99.4554   7156.25
-99.6494   7187.5
-99.7376   7218.75
-99.3613   7250
-99.2555   7281.25
-99.4143   7312.5
-99.3378   7343.75
-99.2144   7375
-99.1732   7406.25
-99.2849   7437.5
-99.526   7468.75
-99.4437   7500
-99.4966   7531.25
-99.8552   7562.5
-100.061   7593.75
-99.9905   7625
-99.7435   7656.25
-99.573   7687.5
-99.4789   7718.75
-99.8493   7750
-99.9258   7781.25
-99.4084   7812.5
-99.0615   7843.75
-99.0203   7875
-98.7616   7906.25
-98.8616   7937.5
-98.938   7968.75
-99.038   8000
-99.4907   8031.25
-99.62   8062.5
-99.5083   8093.75
-99.4025   8125
-99.5142   8156.25
-99.3613   8187.5
-99.5495   8218.75
-99.5377   8250
-99.3261   8281.25
-99.0145   8312.5
-98.8557   8343.75
-99.1144   8375
-99.0732   8406.25
-99.0968   8437.5
-98.938   8468.75
-98.7146   8500
-99.0145   8531.25
-99.232   8562.5
-99.0909   8593.75
-99.0027   8625
-99.2614   8656.25
-99.4201   8687.5
-99.4319   8718.75
-99.3437   8750
-99.3261   8781.25
-99.2085   8812.5
-99.0615   8843.75
-99.0732   8875
-98.6205   8906.25
-98.6205   8937.5
-98.9263   8968.75
-98.6499   9000
-98.938   9031.25
-99.4378   9062.5
-99.2379   9093.75
-98.9145   9125
-98.597   9156.25
-98.1267   9187.5
-98.1678   9218.75
-98.5853   9250
-98.8204   9281.25
-98.8557   9312.5
-98.6029   9343.75
-98.4383   9375
-98.1325   9406.25
-97.8974   9437.5
-97.7974   9468.75
-98.0385   9500
-98.303   9531.25
-98.2678   9562.5
-98.3324   9593.75
-98.4618   9625
-98.844   9656.25
-98.744   9687.5
-98.256   9718.75
-98.3912   9750
-98.3677   9781.25
-98.4735   9812.5
-97.8915   9843.75
-97.5446   9875
-97.8386   9906.25
-98.109   9937.5
-98.2031   9968.75
-98.1737   10000
-98.1384   10031.3
-98.0973   10062.5
-98.2442   10093.8
-98.1796   10125
-98.1031   10156.3
-97.8797   10187.5
-97.5152   10218.8
-97.7033   10250
-98.0561   10281.3
-98.1443   10312.5
-98.1149   10343.8
-98.062   10375
-97.6798   10406.3
-97.8327   10437.5
-97.9503   10468.8
-97.815   10500
-97.9914   10531.3
-97.962   10562.5
-97.474   10593.8
-97.4505   10625
-98.1561   10656.3
-98.1031   10687.5
-97.6151   10718.8
-97.6916   10750
-97.7504   10781.3
-97.4329   10812.5
-97.5328   10843.8
-97.8974   10875
-98.1619   10906.3
-98.1031   10937.5
-97.8327   10968.8
-97.7033   11000
-97.9326   11031.3
-97.9209   11062.5
-97.6151   11093.8
-97.2153   11125
-97.1977   11156.3
-97.2095   11187.5
-96.8802   11218.8
-96.7332   11250
-97.0683   11281.3
-97.0625   11312.5
-96.8802   11343.8
-97.0037   11375
-97.2682   11406.3
-97.2918   11437.5
-96.9449   11468.8
-96.9449   11500
-96.8978   11531.3
-97.1213   11562.5
-97.1977   11593.8
-97.1565   11625
-97.2095   11656.3
-97.1918   11687.5
-97.1507   11718.8
-97.5622   11750
-97.5681   11781.3
-97.3976   11812.5
-97.1977   11843.8
-97.327   11875
-97.4505   11906.3
-97.2095   11937.5
-96.892   11968.8
-96.8508   12000
-96.9449   12031.3
-96.6509   12062.5
-96.9978   12093.8
-97.1271   12125
-97.2212   12156.3
-97.4035   12187.5
-97.3035   12218.8
-97.3153   12250
-97.4917   12281.3
-97.3035   12312.5
-97.133   12343.8
-97.6622   12375
-97.7562   12406.3
-97.7327   12437.5
-97.815   12468.8
