%03/12/2016 11:23 AM

-46.9692   0
-50.3146   250
-61.0623   500
-82.058   750
-94.3991   1000
-94.6989   1250
-94.6989   1500
-95.1222   1750
-95.3574   2000
-94.8341   2250
-93.8581   2500
-92.6117   2750
-91.8826   3000
-91.3711   3250
-90.8596   3500
-90.1011   3750
-89.2133   4000
-88.6901   4250
-88.4902   4500
-88.5431   4750
-89.231   5000
-89.6131   5250
-89.5132   5500
-89.96   5750
-90.3246   6000
-90.301   6250
-90.4598   6500
-90.4245   6750
-90.3481   7000
-90.3598   7250
-90.254   7500
-90.0482   7750
-90.4186   8000
-90.8243   8250
-90.5362   8500
-90.3128   8750
-90.1482   9000
-89.8483   9250
-89.4897   9500
-89.1545   9750
-88.9899   10000
-88.7253   10250
-88.3432   10500
-88.2726   10750
-88.6489   11000
-88.5137   11250
-88.3902   11500
-88.5666   11750
-88.549   12000
-88.3432   12250
-87.9316   12500
-87.9257   12750
-88.1903   13000
-88.1844   13250
-88.008   13500
-87.6494   13750
-87.4848   14000
-88.0551   14250
-88.2491   14500
-87.6435   14750
-86.6734   15000
-86.2736   15250
-86.3853   15500
-86.1678   15750
-85.8091   16000
-85.9032   16250
-86.2795   16500
-86.2266   16750
-85.9855   17000
-85.9855   17250
-85.9914   17500
-85.9914   17750
-85.7268   18000
-85.5269   18250
-85.7621   18500
-85.8797   18750
-85.5975   19000
-84.9625   19250
-84.7332   19500
-84.9742   19750
-85.0036   20000
-85.1976   20250
-85.18   20500
-85.0565   20750
-84.7332   21000
-84.5156   21250
-84.5215   21500
-84.0453   21750
-83.7924   22000
-84.1511   22250
-83.9042   22500
-83.6455   22750
-83.716   23000
-83.4514   23250
-82.8106   23500
-82.74   23750
-83.0046   24000
-82.5754   24250
-82.0051   24500
-82.205   24750
-82.4637   25000
-82.7635   25250
-83.2104   25500
-83.422   25750
-82.9928   26000
-82.6283   26250
-82.6577   26500
-82.4754   26750
-82.3579   27000
-82.3873   27250
-82.058   27500
-81.8287   27750
-81.864   28000
-82.2755   28250
-82.2344   28500
-81.9345   28750
-81.6288   29000
-81.4642   29250
-81.4465   29500
-81.8993   29750
-82.2932   30000
-81.7993   30250
-81.4289   30500
-81.3819   30750
-81.5935   31000
-81.5288   31250
-81.2408   31500
-81.3936   31750
-81.8346   32000
-81.6112   32250
-81.2584   32500
-81.276   32750
-81.376   33000
-81.3231   33250
-80.8703   33500
-80.8645   33750
-81.0702   34000
-81.0115   34250
-80.9879   34500
-81.1173   34750
-80.7763   35000
-80.7351   35250
-80.7822   35500
-80.7351   35750
-80.8351   36000
-80.7822   36250
-80.5058   36500
-80.547   36750
-80.7469   37000
-80.841   37250
-80.694   37500
-80.3471   37750
-80.3765   38000
-80.4941   38250
-80.2706   38500
-80.0825   38750
-80.3177   39000
-80.6822   39250
-80.2706   39500
-80.3   39750
-80.2883   40000
-80.153   40250
-79.912   40500
-79.6709   40750
-79.6533   41000
-79.9825   41250
-80.4235   41500
-80.4411   41750
-79.8767   42000
-79.6415   42250
-80.1648   42500
-79.9414   42750
-79.4416   43000
-79.5827   43250
-79.718   43500
-79.5181   43750
-79.5063   44000
-79.5475   44250
-79.3299   44500
-79.1359   44750
-79.377   45000
-79.7532   45250
-79.8414   45500
-79.5357   45750
-79.0712   46000
-79.2535   46250
-79.3593   46500
-78.9125   46750
-78.6009   47000
-78.836   47250
-79.1477   47500
-79.1359   47750
-79.3123   48000
-79.4769   48250
-79.4887   48500
-79.23   48750
-79.2006   49000
-79.2535   49250
-79.3005   49500
-79.5063   49750
-79.4357   50000
-79.3476   50250
-79.4122   50500
-79.2241   50750
-79.2946   51000
-79.5533   51250
-79.2652   51500
-79.1006   51750
-79.5416   52000
-79.5416   52250
-78.9595   52500
-78.9301   52750
-79.2535   53000
-79.7532   53250
-80.0355   53500
-79.8003   53750
-79.4416   54000
-78.8419   54250
-78.8831   54500
-79.0418   54750
-78.8478   55000
-78.6655   55250
-78.7478   55500
-79.0947   55750
-79.3299   56000
-79.4005   56250
-78.9889   56500
-78.7302   56750
-78.9125   57000
-79.3417   57250
-79.3064   57500
-79.2417   57750
-79.3534   58000
-79.083   58250
-78.8772   58500
-78.9066   58750
-78.9125   59000
-78.5421   59250
-78.2716   59500
-78.5185   59750
-79.1241   60000
-79.2241   60250
-79.2241   60500
-79.0124   60750
-78.7185   61000
-78.9948   61250
-79.1594   61500
-79.3887   61750
-79.6063   62000
-79.4945   62250
-79.0183   62500
-78.8713   62750
-79.1653   63000
-79.3299   63250
-79.1124   63500
-79.2417   63750
-79.4122   64000
-79.1065   64250
-78.7714   64500
-79.2594   64750
-79.6533   65000
-79.571   65250
-79.3123   65500
-79.1829   65750
-79.3652   66000
-79.3593   66250
-79.277   66500
-79.6474   66750
-79.2711   67000
-78.8125   67250
-78.6244   67500
-79.0359   67750
-79.4122   68000
-79.3123   68250
-79.2476   68500
-79.2182   68750
-79.2064   69000
-79.0124   69250
-78.7596   69500
-78.5832   69750
-78.983   70000
-79.5651   70250
-79.5298   70500
-79.3182   70750
-79.377   71000
-79.6768   71250
-79.6768   71500
-79.2652   71750
-79.1183   72000
-79.2594   72250
-79.2417   72500
-79.2182   72750
-79.1065   73000
-79.4181   73250
-79.5886   73500
-79.424   73750
-79.6474   74000
-79.6533   74250
-79.4887   74500
-79.2241   74750
-79.2711   75000
-79.5533   75250
-79.4475   75500
-79.4945   75750
-79.7238   76000
-79.8826   76250
-80.0355   76500
-80.1178   76750
-80.1178   77000
-80.1413   77250
-80.3706   77500
-80.0413   77750
-79.5239   78000
-79.6004   78250
-79.7474   78500
-79.9061   78750
-79.8238   79000
-79.765   79250
-79.8826   79500
-79.7826   79750
-80.0943   80000
-80.3118   80250
-79.9061   80500
-79.6298   80750
-79.571   81000
-79.5063   81250
-79.424   81500
-79.3005   81750
-79.865   82000
-80.1648   82250
-79.8062   82500
-79.6827   82750
-79.9237   83000
-80.0766   83250
-79.8356   83500
-79.8179   83750
-80.1178   84000
-80.1883   84250
-79.9649   84500
-79.5298   84750
-79.6474   85000
-80.3588   85250
-80.3   85500
-79.9296   85750
-79.9237   86000
-80.0296   86250
-80.353   86500
-80.4823   86750
-80.4588   87000
-80.5176   87250
-80.2883   87500
-80.1295   87750
-79.9237   88000
-80.2706   88250
-80.5352   88500
-80.4235   88750
-80.2295   89000
-80.4   89250
-80.6763   89500
-80.5235   89750
-80.6234   90000
-81.0173   90250
-80.7822   90500
-80.5117   90750
-80.3235   91000
-80.2236   91250
-80.6175   91500
-80.6528   91750
-80.3412   92000
-80.1648   92250
-80.2001   92500
-80.7528   92750
-80.9233   93000
-80.9233   93250
-80.5881   93500
-80.253   93750
-80.4117   94000
-80.5058   94250
-80.6469   94500
-81.1702   94750
-81.4171   95000
-81.2114   95250
-81.0702   95500
-80.8762   95750
-80.9409   96000
-80.9291   96250
-80.9233   96500
-80.7645   96750
-80.3353   97000
-80.5528   97250
-80.7292   97500
-80.594   97750
-80.8586   98000
-80.9644   98250
-80.5352   98500
-80.3823   98750
-80.8821   99000
-80.9997   99250
-81.1173   99500
-81.2114   99750
