%03/12/2016 11:38 AM

-48.7624   0
-52.002   250
-61.7796   500
-70.152   750
-72.104   1000
-74.6204   1250
-76.2667   1500
-77.2721   1750
-77.86   2000
-77.9424   2250
-77.5778   2500
-77.4955   2750
-77.1839   3000
-76.449   3250
-75.8669   3500
-75.4553   3750
-75.1084   4000
-75.132   4250
-75.2202   4500
-75.5964   4750
-76.5901   5000
-77.3662   5250
-78.2834   5500
-79.4181   5750
-80.3471   6000
-80.8997   6250
-81.7229   6500
-82.5578   6750
-82.9634   7000
-83.3162   7250
-83.8277   7500
-84.2804   7750
-84.9566   8000
-85.3976   8250
-85.8032   8500
-85.6798   8750
-85.5563   9000
-86.0796   9250
-86.2089   9500
-86.1148   9750
-85.962   10000
-85.9326   10250
-86.3618   10500
-86.691   10750
-86.7028   11000
-87.0027   11250
-87.0262   11500
-86.8733   11750
-86.9968   12000
-87.7376   12250
-88.449   12500
-88.8194   12750
-89.5308   13000
-90.2717   13250
-90.5421   13500
-90.6127   13750
-90.9478   14000
-91.5475   14250
-92.6058   14500
-93.7758   14750
-93.3937   15000
-92.1061   15250
-92.1296   15500
-93.0585   15750
-93.6406   16000
-93.7876   16250
-93.9934   16500
-94.5696   16750
-94.9929   17000
-95.034   17250
-95.1046   17500
-95.3457   17750
-95.475   18000
-95.5456   18250
-95.087   18500
-95.2163   18750
-95.8807   19000
-96.3099   19250
-96.2864   19500
-96.0747   19750
-96.3452   20000
-96.5921   20250
-96.4686   20500
-96.1217   20750
-96.257   21000
-96.9743   21250
-97.0095   21500
-96.9566   21750
-96.9625   22000
-96.9449   22250
-96.9743   22500
-97.5211   22750
-97.5975   23000
-97.2271   23250
-97.5034   23500
-97.7974   23750
-97.2918   24000
-97.327   24250
-97.7268   24500
-97.9738   24750
-98.0502   25000
-98.2501   25250
-98.1678   25500
-98.0385   25750
-98.0796   26000
-98.4677   26250
-98.2384   26500
-97.9797   26750
-98.2266   27000
-98.3736   27250
-98.3618   27500
-98.0914   27750
-98.3148   28000
-99.0909   28250
-99.2673   28500
-99.0909   28750
-98.8204   29000
-98.4265   29250
-98.1972   29500
-98.5735   29750
-98.9851   30000
-98.9204   30250
-98.9615   30500
-99.1614   30750
-99.1497   31000
-99.0556   31250
-99.3613   31500
-99.2673   31750
-98.55   32000
-98.3501   32250
-98.9674   32500
-99.526   32750
-99.3555   33000
-99.3496   33250
-99.3437   33500
-99.4848   33750
-99.3437   34000
-99.2967   34250
-99.3378   34500
-99.5083   34750
-99.62   35000
-99.1673   35250
-99.1438   35500
-99.4143   35750
-99.3437   36000
-99.3202   36250
-99.8141   36500
-100.361   36750
-100.49   37000
-100.596   37250
-100.273   37500
-99.9669   37750
-99.9846   38000
-100.367   38250
-99.8258   38500
-98.4677   38750
-98.4853   39000
-99.8376   39250
-100.337   39500
-100.049   39750
-99.9669   40000
-99.9375   40250
-100.108   40500
-100.002   40750
-100.525   41000
-100.902   41250
-100.825   41500
-100.431   41750
-100.531   42000
-100.549   42250
-100.326   42500
-100.29   42750
-100.302   43000
-100.543   43250
-100.767   43500
-100.808   43750
-100.725   44000
-100.39   44250
-100.32   44500
-100.514   44750
-100.855   45000
-100.984   45250
-100.937   45500
-101.072   45750
-101.013   46000
-100.62   46250
-100.461   46500
-100.308   46750
-100.42   47000
-100.855   47250
-101.078   47500
-101.166   47750
-100.89   48000
-100.614   48250
-100.708   48500
-100.802   48750
-101.113   49000
-101.319   49250
-101.378   49500
-101.037   49750
-100.596   50000
-100.525   50250
-100.302   50500
-100.402   50750
-100.978   51000
-101.66   51250
-101.631   51500
-101.402   51750
-101.69   52000
-101.919   52250
-101.76   52500
-101.449   52750
-101.172   53000
-100.896   53250
-101.125   53500
-101.396   53750
-101.343   54000
-100.931   54250
-100.931   54500
-101.507   54750
-101.36   55000
-101.049   55250
-101.16   55500
-101.29   55750
-101.119   56000
-101.155   56250
-101.402   56500
-101.284   56750
-100.996   57000
-101.025   57250
-101.337   57500
-101.219   57750
-100.908   58000
-100.714   58250
-100.955   58500
-101.443   58750
-101.402   59000
-101.096   59250
-100.884   59500
-100.849   59750
-100.961   60000
-100.72   60250
-100.514   60500
-100.502   60750
-100.743   61000
-100.561   61250
-100.255   61500
-100.326   61750
-100.549   62000
-100.725   62250
-100.943   62500
-101.125   62750
-101.208   63000
-101.061   63250
-101.202   63500
-101.302   63750
-101.031   64000
-100.667   64250
-100.608   64500
-100.555   64750
-100.625   65000
-100.908   65250
-100.984   65500
-100.949   65750
-100.714   66000
-100.443   66250
-100.502   66500
-100.702   66750
-100.837   67000
-100.814   67250
-100.426   67500
-99.6847   67750
-99.4672   68000
-99.5671   68250
-99.3084   68500
-99.2438   68750
-99.2496   69000
-99.2379   69250
-99.573   69500
-99.4672   69750
-99.2202   70000
-99.0497   70250
-98.6793   70500
-98.0855   70750
-97.9797   71000
-98.1267   71250
-97.8797   71500
-97.5034   71750
-97.3447   72000
-97.5916   72250
-98.1796   72500
-98.209   72750
-98.0914   73000
-97.9679   73250
-97.7974   73500
-97.4564   73750
-97.2212   74000
-97.4211   74250
-97.6328   74500
-97.815   74750
-97.9561   75000
-98.2325   75250
-98.6029   75500
-98.9321   75750
-98.8204   76000
-98.9557   76250
-99.6318   76500
-99.7964   76750
-99.573   77000
-99.8787   77250
-100.284   77500
-99.9199   77750
-99.4672   78000
-100.043   78250
-100.767   78500
-100.843   78750
-100.931   79000
-101.272   79250
-101.413   79500
-101.354   79750
-101.637   80000
-101.748   80250
-101.619   80500
-101.313   80750
-101.243   81000
-101.696   81250
-102.184   81500
-102.136   81750
-102.289   82000
-102.495   82250
-102.525   82500
-102.419   82750
-102.366   83000
-102.636   83250
-102.466   83500
-102.301   83750
-102.389   84000
-102.319   84250
-102.448   84500
-102.995   84750
-103.342   85000
-103.495   85250
-103.794   85500
-103.689   85750
-103.171   86000
-102.883   86250
-102.683   86500
-102.895   86750
-103.248   87000
-103.477   87250
-103.659   87500
-103.277   87750
-103.001   88000
-103.389   88250
-103.947   88500
-104.177   88750
-104.2   89000
-104.006   89250
-103.747   89500
-103.8   89750
-103.859   90000
-103.836   90250
-103.883   90500
-104.071   90750
-104.324   91000
-104.159   91250
-103.8   91500
-104.071   91750
-104.429   92000
-103.941   92250
-103.93   92500
-104.294   92750
-104.582   93000
-104.653   93250
-104.4   93500
-104.359   93750
-104.359   94000
-104.036   94250
-104.047   94500
-104.582   94750
-104.247   95000
-103.8   95250
-104.23   95500
-104.747   95750
-104.618   96000
-104.629   96250
-104.841   96500
-104.77   96750
-104.806   97000
-104.471   97250
-104.394   97500
-104.429   97750
-104.453   98000
-104.271   98250
-103.941   98500
-104.188   98750
-104.653   99000
-104.565   99250
-104.359   99500
-104.394   99750
