%03/12/2016 11:32 AM

-51.7551   0
-55.0947   31.25
-65.8424   62.5
-87.0262   93.75
-96.5862   125
-88.7783   156.25
-87.1261   187.5
-92.1119   218.75
-98.5441   250
-92.4353   281.25
-91.7415   312.5
-97.0095   343.75
-103.589   375
-105.488   406.25
-106.634   437.5
-108.486   468.75
-109.039   500
-108.998   531.25
-108.98   562.5
-108.68   593.75
-105.641   625
-103.142   656.25
-104.753   687.5
-107.146   718.75
-106.17   750
-105.082   781.25
-106.123   812.5
-107.334   843.75
-107.122   875
-106.922   906.25
-107.21   937.5
-107.122   968.75
-106.846   1000
-106.734   1031.25
-107.175   1062.5
-107.51   1093.75
-106.922   1125
-106.752   1156.25
-107.663   1187.5
-107.969   1218.75
-107.41   1250
-107.469   1281.25
-107.904   1312.5
-107.316   1343.75
-106.869   1375
-107.052   1406.25
-107.375   1437.5
-107.604   1468.75
-107.146   1500
-107.31   1531.25
-107.687   1562.5
-106.734   1593.75
-105.976   1625
-106.452   1656.25
-107.069   1687.5
-107.516   1718.75
-108.063   1750
-108.228   1781.25
-107.569   1812.5
-107.016   1843.75
-106.934   1875
-106.916   1906.25
-106.94   1937.5
-106.922   1968.75
-106.24   2000
-106.264   2031.25
-106.664   2062.5
-106.499   2093.75
-106.546   2125
-106.593   2156.25
-106.093   2187.5
-105.829   2218.75
-106.058   2250
-106.111   2281.25
-105.846   2312.5
-105.452   2343.75
-105.164   2375
-104.965   2406.25
-104.853   2437.5
-105.07   2468.75
-105.4   2500
-105.482   2531.25
-105.364   2562.5
-104.97   2593.75
-104.77   2625
-104.606   2656.25
-104.13   2687.5
-104.018   2718.75
-104.494   2750
-104.33   2781.25
-103.771   2812.5
-103.642   2843.75
-103.524   2875
-103.583   2906.25
-103.971   2937.5
-103.894   2968.75
-103.853   3000
-103.771   3031.25
-103.518   3062.5
-103.171   3093.75
-102.542   3125
-102.142   3156.25
-102.46   3187.5
-102.707   3218.75
-102.683   3250
-102.336   3281.25
-102.019   3312.5
-102.195   3343.75
-102.172   3375
-101.807   3406.25
-101.607   3437.5
-101.454   3468.75
-101.543   3500
-101.584   3531.25
-101.166   3562.5
-101.09   3593.75
-101.366   3625
-101.172   3656.25
-100.99   3687.5
-101.013   3718.75
-100.872   3750
-100.161   3781.25
-99.9199   3812.5
-100.161   3843.75
-99.7435   3875
-99.8787   3906.25
-100.531   3937.5
-100.561   3968.75
-100.349   4000
-100.602   4031.25
-100.355   4062.5
-99.9846   4093.75
-100.008   4125
-100.096   4156.25
-100.008   4187.5
-100.085   4218.75
-100.014   4250
-99.8611   4281.25
-99.7141   4312.5
-99.3378   4343.75
-99.4319   4375
-99.7729   4406.25
-99.9728   4437.5
-99.8141   4468.75
-99.9434   4500
-99.8905   4531.25
-99.8199   4562.5
-100.002   4593.75
-100.043   4625
-100.032   4656.25
-100.014   4687.5
-99.9669   4718.75
-99.6965   4750
-99.7788   4781.25
-100.049   4812.5
-100.449   4843.75
-100.525   4875
-100.702   4906.25
-100.39   4937.5
-100.255   4968.75
-100.708   5000
-100.866   5031.25
-100.984   5062.5
-100.931   5093.75
-101.055   5125
-101.043   5156.25
-100.99   5187.5
-100.996   5218.75
-101.013   5250
-101.061   5281.25
-101.307   5312.5
-101.731   5343.75
-102.001   5375
-101.872   5406.25
-101.76   5437.5
-101.995   5468.75
-101.978   5500
-101.731   5531.25
-101.819   5562.5
-102.142   5593.75
-102.348   5625
-101.984   5656.25
-101.537   5687.5
-101.731   5718.75
-102.16   5750
-102.236   5781.25
-102.113   5812.5
-101.966   5843.75
-102.295   5875
-102.801   5906.25
-102.724   5937.5
-102.56   5968.75
-102.454   6000
-102.378   6031.25
-102.266   6062.5
-102.283   6093.75
-102.442   6125
-102.566   6156.25
-102.689   6187.5
-102.53   6218.75
-102.783   6250
-103.054   6281.25
-102.742   6312.5
-102.636   6343.75
-102.719   6375
-102.854   6406.25
-103.007   6437.5
-102.889   6468.75
-102.96   6500
-103.101   6531.25
-103.13   6562.5
-103.242   6593.75
-102.901   6625
-103.042   6656.25
-103.365   6687.5
-103.165   6718.75
-103.018   6750
-103.089   6781.25
-102.924   6812.5
-102.654   6843.75
-102.771   6875
-102.86   6906.25
-103.03   6937.5
-103.306   6968.75
-103.448   7000
-103.495   7031.25
-103.154   7062.5
-103.23   7093.75
-103.277   7125
-103.218   7156.25
-103.065   7187.5
-102.824   7218.75
-103.195   7250
-103.559   7281.25
-103.389   7312.5
-103.148   7343.75
-102.895   7375
-103.054   7406.25
-102.942   7437.5
-103.054   7468.75
-103.271   7500
-103.459   7531.25
-103.512   7562.5
-103.595   7593.75
-103.712   7625
-103.73   7656.25
-103.677   7687.5
-103.465   7718.75
-103.065   7750
-102.942   7781.25
-103.101   7812.5
-102.883   7843.75
-102.807   7875
-102.983   7906.25
-102.895   7937.5
-102.666   7968.75
-102.83   8000
-103.101   8031.25
-103.324   8062.5
-103.424   8093.75
-103.154   8125
-102.813   8156.25
-102.777   8187.5
-103.207   8218.75
-103.489   8250
-103.465   8281.25
-103.183   8312.5
-103.071   8343.75
-103.159   8375
-103.148   8406.25
-102.907   8437.5
-102.977   8468.75
-102.942   8500
-102.871   8531.25
-102.977   8562.5
-102.607   8593.75
-102.366   8625
-102.801   8656.25
-103.177   8687.5
-102.748   8718.75
-102.53   8750
-102.619   8781.25
-102.66   8812.5
-103.089   8843.75
-103.377   8875
-103.218   8906.25
-103.23   8937.5
-103.377   8968.75
-103.254   9000
-102.777   9031.25
-102.589   9062.5
-102.801   9093.75
-103.083   9125
-103.277   9156.25
-103.189   9187.5
-103.095   9218.75
-102.771   9250
-102.789   9281.25
-103.083   9312.5
-102.936   9343.75
-102.777   9375
-102.525   9406.25
-102.489   9437.5
-102.701   9468.75
-102.536   9500
-102.495   9531.25
-102.507   9562.5
-102.489   9593.75
-102.53   9625
-102.707   9656.25
-102.683   9687.5
-102.572   9718.75
-102.242   9750
-102.042   9781.25
-102.466   9812.5
-102.295   9843.75
-101.913   9875
-102.225   9906.25
-102.348   9937.5
-102.483   9968.75
-102.289   10000
-102.283   10031.3
-102.642   10062.5
-103.148   10093.8
-102.795   10125
-102.072   10156.3
-102.125   10187.5
-102.378   10218.8
-102.26   10250
-102.042   10281.3
-101.937   10312.5
-101.872   10343.8
-101.942   10375
-101.942   10406.3
-101.778   10437.5
-101.907   10468.8
-102.189   10500
-101.972   10531.3
-101.554   10562.5
-101.643   10593.8
-102.066   10625
-102.136   10656.3
-101.942   10687.5
-101.766   10718.8
-101.948   10750
-102.236   10781.3
-102.107   10812.5
-101.972   10843.8
-101.984   10875
-101.966   10906.3
-102.336   10937.5
-102.407   10968.8
-101.807   11000
-101.631   11031.3
-101.89   11062.5
-101.96   11093.8
-102.089   11125
-101.866   11156.3
-101.954   11187.5
-101.984   11218.8
-101.284   11250
-101.066   11281.3
-101.654   11312.5
-101.613   11343.8
-101.196   11375
-101.396   11406.3
-101.554   11437.5
-101.29   11468.8
-101.419   11500
-101.402   11531.3
-101.472   11562.5
-101.619   11593.8
-101.519   11625
-101.684   11656.3
-101.672   11687.5
-101.56   11718.8
-101.578   11750
-101.654   11781.3
-101.778   11812.5
-101.59   11843.8
-101.625   11875
-101.46   11906.3
-101.302   11937.5
-101.284   11968.8
-101.449   12000
-101.666   12031.3
-101.86   12062.5
-101.995   12093.8
-102.148   12125
-101.848   12156.3
-101.396   12187.5
-101.807   12218.8
-102.119   12250
-102.001   12281.3
-101.848   12312.5
-101.425   12343.8
-100.949   12375
-100.978   12406.3
-101.131   12437.5
-101.202   12468.8
