%03/12/2016 11:33 AM

-51.1436   0
-54.4832   250
-65.2368   500
-86.2971   750
-98.0326   1000
-98.6499   1250
-98.5382   1500
-98.0032   1750
-97.6681   2000
-97.2447   2250
-96.0394   2500
-94.9282   2750
-94.158   3000
-93.3819   3250
-92.6234   3500
-91.6475   3750
-90.742   4000
-90.3951   4250
-90.5245   4500
-90.9184   4750
-91.3594   5000
-92.2413   5250
-93.0997   5500
-93.329   5750
-93.5465   6000
-93.5524   6250
-93.4877   6500
-93.7229   6750
-93.7876   7000
-93.7993   7250
-94.011   7500
-94.2521   7750
-94.2815   8000
-93.964   8250
-93.9992   8500
-94.205   8750
-94.1168   9000
-94.2168   9250
-94.1639   9500
-93.523   9750
-93.3878   10000
-93.3643   10250
-93.035   10500
-92.7763   10750
-92.9468   11000
-93.0703   11250
-92.8175   11500
-92.4647   11750
-92.1942   12000
-92.7881   12250
-93.0644   12500
-92.547   12750
-92.6058   13000
-92.4412   13250
-92.3765   13500
-92.5588   13750
-92.8645   14000
-92.8292   14250
-92.3354   14500
-91.912   14750
-91.8768   15000
-91.7709   15250
-91.6886   15500
-91.8356   15750
-92.0884   16000
-91.8003   16250
-91.4946   16500
-91.2594   16750
-91.23   17000
-91.2359   17250
-90.9419   17500
-90.9302   17750
-90.7479   18000
-90.3892   18250
-90.2599   18500
-90.5068   18750
-90.5009   19000
-90.1188   19250
-90.3657   19500
-90.6597   19750
-90.5833   20000
-90.1305   20250
-90.0188   20500
-90.0188   20750
-89.9012   21000
-89.7131   21250
-89.2663   21500
-89.0546   21750
-89.4015   22000
-89.6484   22250
-89.2604   22500
-88.5607   22750
-88.4372   23000
-88.2903   23250
-87.8611   23500
-87.6318   23750
-87.6318   24000
-87.8611   24250
-87.8375   24500
-88.0727   24750
-88.4784   25000
-88.4843   25250
-88.8077   25500
-89.0017   25750
-88.6607   26000
-87.9669   26250
-87.3672   26500
-87.2966   26750
-87.6082   27000
-87.7317   27250
-87.2966   27500
-87.3084   27750
-87.4789   28000
-87.1614   28250
-87.3319   28500
-87.8611   28750
-87.6847   29000
-87.2261   29250
-87.1967   29500
-87.0908   29750
-87.0321   30000
-86.9497   30250
-86.7381   30500
-86.6087   30750
-86.5029   31000
-86.1325   31250
-85.962   31500
-86.256   31750
-86.7028   32000
-86.7381   32250
-86.1031   32500
-86.0737   32750
-85.9973   33000
-86.0208   33250
-86.109   33500
-85.9973   33750
-85.9973   34000
-86.2207   34250
-86.2736   34500
-86.0149   34750
-85.668   35000
-85.374   35250
-85.1683   35500
-85.1918   35750
-85.4857   36000
-85.6151   36250
-85.1683   36500
-84.7332   36750
-84.7626   37000
-85.0624   37250
-85.6974   37500
-85.8856   37750
-85.2506   38000
-84.7155   38250
-84.8155   38500
-84.8037   38750
-84.451   39000
-84.2981   39250
-84.2393   39500
-84.2099   39750
-84.4568   40000
-84.5685   40250
-84.304   40500
-84.1805   40750
-84.1805   41000
-84.0923   41250
-83.9924   41500
-83.9042   41750
-83.8395   42000
-84.01   42250
-84.2569   42500
-83.9865   42750
-83.816   43000
-83.9688   43250
-84.0923   43500
-84.0923   43750
-83.9277   44000
-83.8336   44250
-83.9453   44500
-84.1099   44750
-83.4926   45000
-82.8929   45250
-83.2633   45500
-83.4162   45750
-83.1575   46000
-83.3339   46250
-83.5102   46500
-83.569   46750
-83.6337   47000
-83.5808   47250
-83.422   47500
-83.3103   47750
-82.8929   48000
-82.74   48250
-83.0458   48500
-83.2633   48750
-82.9399   49000
-82.7988   49250
-83.3574   49500
-83.669   49750
-83.0987   50000
-82.7518   50250
-82.9458   50500
-83.3103   50750
-83.4808   51000
-83.0634   51250
-82.5166   51500
-82.446   51750
-82.3755   52000
-82.5695   52250
-82.8988   52500
-82.9928   52750
-83.375   53000
-83.228   53250
-82.9517   53500
-82.9164   53750
-82.5872   54000
-82.3579   54250
-82.5989   54500
-82.7929   54750
-82.593   55000
-82.5284   55250
-83.1398   55500
-82.9105   55750
-82.1991   56000
-81.9757   56250
-82.2991   56500
-82.3402   56750
-82.252   57000
-82.3108   57250
-82.058   57500
-82.0462   57750
-82.2403   58000
-82.3814   58250
-82.5813   58500
-82.9399   58750
-82.9399   59000
-82.2932   59250
-82.1403   59500
-82.3461   59750
-82.3167   60000
-82.4166   60250
-82.2344   60500
-81.9345   60750
-81.9698   61000
-81.6935   61250
-81.717   61500
-82.1815   61750
-82.2579   62000
-82.5872   62250
-82.5342   62500
-81.9992   62750
-81.7875   63000
-81.6053   63250
-81.7875   63500
-82.158   63750
-82.5695   64000
-82.8223   64250
-82.9105   64500
-82.7871   64750
-82.4519   65000
-82.252   65250
-82.3755   65500
-82.6283   65750
-82.7459   66000
-82.5872   66250
-82.252   66500
-81.8405   66750
-82.1286   67000
-82.2579   67250
-81.8934   67500
-81.958   67750
-82.0168   68000
-81.7875   68250
-81.7934   68500
-82.0051   68750
-82.2168   69000
-82.2932   69250
-82.1873   69500
-82.2991   69750
-82.3402   70000
-82.0051   70250
-81.717   70500
-81.8993   70750
-82.1521   71000
-82.1462   71250
-82.0286   71500
-81.7346   71750
-81.8581   72000
-82.2168   72250
-82.0168   72500
-81.6464   72750
-81.5935   73000
-82.1227   73250
-82.4872   73500
-82.205   73750
-82.1756   74000
-82.1756   74250
-81.9228   74500
-82.2932   74750
-82.4166   75000
-82.0933   75250
-82.058   75500
-81.8581   75750
-81.8757   76000
-82.2579   76250
-82.7047   76500
-82.9634   76750
-82.8165   77000
-82.6401   77250
-82.4754   77500
-82.2638   77750
-82.3931   78000
-82.5166   78250
-82.4578   78500
-82.4108   78750
-82.4519   79000
-82.5107   79250
-82.7341   79500
-82.6753   79750
-82.4754   80000
-82.2932   80250
-82.4637   80500
-83.1398   80750
-83.6337   81000
-83.4103   81250
-83.1104   81500
-83.0222   81750
-82.7224   82000
-82.74   82250
-83.1575   82500
-83.5573   82750
-83.569   83000
-83.5631   83250
-83.375   83500
-82.8165   83750
-82.7577   84000
-83.2574   84250
-83.2751   84500
-82.9105   84750
-83.081   85000
-83.2398   85250
-83.0105   85500
-82.9693   85750
-83.1104   86000
-83.3868   86250
-83.6807   86500
-83.5808   86750
-83.2104   87000
-83.1869   87250
-83.2868   87500
-83.1222   87750
-83.2045   88000
-83.1457   88250
-82.8811   88500
-82.8459   88750
-82.9223   89000
-83.034   89250
-83.3456   89500
-83.4867   89750
-83.4397   90000
-83.5102   90250
-83.4103   90500
-83.475   90750
-83.4926   91000
-83.4691   91250
-83.716   91500
-83.9336   91750
-83.6161   92000
-83.4514   92250
-83.5631   92500
-83.6866   92750
-83.7631   93000
-83.4279   93250
-82.9693   93500
-83.2221   93750
-83.4397   94000
-83.716   94250
-83.8983   94500
-84.1041   94750
-84.157   95000
-83.8277   95250
-83.5573   95500
-83.8983   95750
-83.9512   96000
-83.6102   96250
-83.5749   96500
-84.0335   96750
-84.451   97000
-84.6215   97250
-84.2452   97500
-84.1276   97750
-84.1746   98000
-83.9159   98250
-84.0923   98500
-84.6509   98750
-84.8625   99000
-84.3451   99250
-83.9688   99500
-84.1099   99750
