%03/12/2016 12:09 PM

-45.3112   0
-48.639   31.25
-59.2338   62.5
-69.4289   93.75
-67.9766   125
-70.3931   156.25
-73.3622   187.5
-73.3211   218.75
-73.8561   250
-78.1423   281.25
-80.4353   312.5
-80.4059   343.75
-80.9703   375
-81.6288   406.25
-81.1467   437.5
-80.2706   468.75
-79.9355   500
-79.5592   531.25
-78.5421   562.5
-77.472   593.75
-76.837   625
-76.155   656.25
-75.8904   687.5
-76.2785   718.75
-76.6547   750
-77.1075   781.25
-76.9605   812.5
-77.031   843.75
-77.6484   875
-78.1893   906.25
-78.6538   937.5
-79.1477   968.75
-79.471   1000
-79.8532   1031.25
-80.4882   1062.5
-80.6352   1093.75
-80.6881   1125
-81.4348   1156.25
-81.864   1187.5
-82.1168   1218.75
-82.4637   1250
-82.4578   1281.25
-82.7224   1312.5
-83.2221   1343.75
-83.7689   1375
-84.1335   1406.25
-84.2158   1437.5
-84.3569   1468.75
-84.2511   1500
-84.2511   1531.25
-84.6332   1562.5
-84.7978   1593.75
-84.9389   1625
-85.2329   1656.25
-85.8679   1687.5
-85.7915   1718.75
-85.7444   1750
-86.0208   1781.25
-86.9262   1812.5
-87.4319   1843.75
-87.0379   1875
-86.7675   1906.25
-86.9086   1937.5
-87.1908   1968.75
-87.2672   2000
-87.085   2031.25
-86.8968   2062.5
-87.1614   2093.75
-87.1908   2125
-86.8086   2156.25
-86.5911   2187.5
-86.8027   2218.75
-86.838   2250
-86.5558   2281.25
-86.6322   2312.5
-86.8615   2343.75
-87.3025   2375
-87.2378   2406.25
-87.0027   2437.5
-87.1908   2468.75
-86.8674   2500
-86.4147   2531.25
-86.4147   2562.5
-86.6793   2593.75
-86.744   2625
-86.6205   2656.25
-86.6616   2687.5
-86.644   2718.75
-86.6146   2750
-86.5793   2781.25
-86.5911   2812.5
-86.7146   2843.75
-86.6499   2875
-86.4911   2906.25
-86.6146   2937.5
-86.9497   2968.75
-86.9145   3000
-86.8204   3031.25
-86.7322   3062.5
-86.5088   3093.75
-86.1619   3125
-85.9443   3156.25
-86.3265   3187.5
-86.3265   3218.75
-86.1854   3250
-86.1031   3281.25
-85.8856   3312.5
-85.9208   3343.75
-85.9679   3375
-85.9208   3406.25
-85.5916   3437.5
-85.18   3468.75
-85.3799   3500
-85.1506   3531.25
-84.886   3562.5
-84.7332   3593.75
-84.6626   3625
-84.7449   3656.25
-84.645   3687.5
-84.7567   3718.75
-84.5862   3750
-84.351   3781.25
-84.2099   3812.5
-84.304   3843.75
-84.7449   3875
-84.6332   3906.25
-84.2511   3937.5
-84.6509   3968.75
-84.8743   4000
-84.4804   4031.25
-84.5391   4062.5
-84.9154   4093.75
-84.8743   4125
-84.8096   4156.25
-84.9331   4187.5
-84.8684   4218.75
-84.6979   4250
-84.5627   4281.25
-84.839   4312.5
-85.0095   4343.75
-85.3623   4375
-85.8091   4406.25
-85.6739   4437.5
-84.7449   4468.75
-84.4039   4500
-85.2741   4531.25
-86.0325   4562.5
-85.9737   4593.75
-85.6974   4625
-85.3917   4656.25
-85.6563   4687.5
-86.0267   4718.75
-86.1031   4750
-86.1384   4781.25
-86.2736   4812.5
-86.6087   4843.75
-87.0262   4875
-86.9791   4906.25
-86.4029   4937.5
-86.5735   4968.75
-86.791   5000
-86.8027   5031.25
-86.9203   5062.5
-86.9086   5093.75
-87.3966   5125
-87.8905   5156.25
-87.7376   5187.5
-87.5965   5218.75
-87.8023   5250
-87.9081   5281.25
-87.8199   5312.5
-88.0316   5343.75
-88.4608   5375
-88.3549   5406.25
-88.2021   5437.5
-88.6372   5468.75
-89.0252   5500
-89.1016   5531.25
-89.0134   5562.5
-89.0546   5593.75
-89.2545   5625
-89.4426   5656.25
-89.5073   5687.5
-89.2545   5718.75
-89.3368   5750
-89.4662   5781.25
-89.7013   5812.5
-89.913   5843.75
-89.9718   5875
-90.0894   5906.25
-89.8013   5937.5
-89.7072   5968.75
-90.0247   6000
-90.3892   6031.25
-90.7009   6062.5
-90.8243   6093.75
-90.9596   6125
-91.0889   6156.25
-91.3182   6187.5
-90.9889   6218.75
-90.889   6250
-91.0713   6281.25
-91.3358   6312.5
-91.5357   6343.75
-91.6945   6375
-92.0061   6406.25
-91.8885   6437.5
-91.6181   6468.75
-91.4358   6500
-91.718   6531.25
-91.9297   6562.5
-91.7298   6593.75
-92.0708   6625
-92.1531   6656.25
-91.8121   6687.5
-92.0943   6718.75
-92.8116   6750
-93.2702   6781.25
-93.1644   6812.5
-93.0115   6843.75
-92.8527   6875
-92.8292   6906.25
-93.0527   6937.5
-93.0233   6968.75
-92.6528   7000
-92.8234   7031.25
-93.2937   7062.5
-93.3349   7093.75
-93.229   7125
-93.4995   7156.25
-93.5171   7187.5
-93.0997   7218.75
-93.1996   7250
-93.6053   7281.25
-93.9934   7312.5
-94.1874   7343.75
-94.0345   7375
-94.1168   7406.25
-94.1815   7437.5
-94.2168   7468.75
-93.9052   7500
-93.7758   7531.25
-94.0933   7562.5
-94.2638   7593.75
-94.1462   7625
-94.2109   7656.25
-94.3991   7687.5
-94.4343   7718.75
-94.3167   7750
-94.1639   7781.25
-94.0463   7812.5
-94.0228   7843.75
-94.305   7875
-94.646   7906.25
-94.5284   7937.5
-94.5166   7968.75
-94.7342   8000
-95.0164   8031.25
-95.2339   8062.5
-95.2633   8093.75
-95.2339   8125
-95.1516   8156.25
-95.0399   8187.5
-95.4691   8218.75
-95.7807   8250
-95.328   8281.25
-94.9282   8312.5
-94.8988   8343.75
-94.5931   8375
-94.7342   8406.25
-95.0576   8437.5
-95.6044   8468.75
-96.063   8500
-95.6396   8531.25
-95.5867   8562.5
-95.8748   8593.75
-95.5867   8625
-95.3339   8656.25
-95.2045   8687.5
-95.622   8718.75
-95.8513   8750
-95.5514   8781.25
-95.6749   8812.5
-96.1041   8843.75
-96.2276   8875
-96.0042   8906.25
-95.7102   8937.5
-95.9101   8968.75
-95.7513   9000
-95.5103   9031.25
-95.5044   9062.5
-95.5279   9093.75
-95.5985   9125
-95.7278   9156.25
-95.9983   9187.5
-95.9689   9218.75
-95.816   9250
-96.1276   9281.25
-95.9512   9312.5
-95.8983   9343.75
-96.157   9375
-96.4157   9406.25
-96.5745   9437.5
-96.404   9468.75
-95.9689   9500
-96.0042   9531.25
-95.916   9562.5
-95.6044   9593.75
-95.6749   9625
-95.9454   9656.25
-95.9454   9687.5
-95.8513   9718.75
-96.2981   9750
-96.6215   9781.25
-96.6685   9812.5
-96.6215   9843.75
-96.2393   9875
-96.11   9906.25
-95.7513   9937.5
-95.6749   9968.75
-96.1629   10000
-96.3628   10031.3
-96.5745   10062.5
-96.404   10093.8
-96.2805   10125
-96.6274   10156.3
-96.645   10187.5
-96.4922   10218.8
-96.3099   10250
-96.0865   10281.3
-96.4157   10312.5
-97.0507   10343.8
-97.0448   10375
-96.7509   10406.3
-96.6333   10437.5
-96.5451   10468.8
-96.1511   10500
-95.8454   10531.3
-96.2452   10562.5
-96.9802   10593.8
-96.8096   10625
-96.9625   10656.3
-97.2388   10687.5
-97.1448   10718.8
-97.1683   10750
-97.2624   10781.3
-97.086   10812.5
-96.792   10843.8
-96.9214   10875
-97.0154   10906.3
-96.7861   10937.5
-96.645   10968.8
-96.9802   11000
-97.1389   11031.3
-97.1683   11062.5
-97.0154   11093.8
-96.9331   11125
-97.2918   11156.3
-97.5446   11187.5
-97.4623   11218.8
-97.1801   11250
-96.7685   11281.3
-96.5216   11312.5
-97.133   11343.8
-97.721   11375
-97.4917   11406.3
-97.2682   11437.5
-97.1624   11468.8
-97.3212   11500
-97.5916   11531.3
-97.6622   11562.5
-97.4446   11593.8
-97.5211   11625
-97.7562   11656.3
-97.5857   11687.5
-97.2271   11718.8
-97.327   11750
-97.7504   11781.3
-97.6974   11812.5
-97.6974   11843.8
-97.6563   11875
-97.6269   11906.3
-97.7798   11937.5
-98.0443   11968.8
-98.0855   12000
-97.9032   12031.3
-97.9091   12062.5
-98.2678   12093.8
-98.5735   12125
-98.356   12156.3
-98.303   12187.5
-98.5441   12218.8
-98.356   12250
-98.1443   12281.3
-97.9973   12312.5
-98.0855   12343.8
-98.209   12375
-98.4265   12406.3
-98.6676   12437.5
-98.7852   12468.8
