%03/12/2016 12:03 PM

-51.2201   0
-54.542   31.25
-64.8781   62.5
-70.4107   93.75
-68.7351   125
-71.3456   156.25
-75.1849   187.5
-75.1261   218.75
-75.2025   250
-79.2711   281.25
-82.7518   312.5
-82.8694   343.75
-83.0928   375
-83.8454   406.25
-83.3103   437.5
-82.0404   468.75
-81.276   500
-80.7586   531.25
-80.1766   562.5
-79.3593   593.75
-78.642   625
-77.813   656.25
-77.4014   687.5
-77.4485   718.75
-77.6484   750
-77.9424   781.25
-78.5891   812.5
-79.3358   843.75
-79.4005   875
-79.4357   906.25
-80.0943   937.5
-80.6528   968.75
-81.1878   1000
-82.1932   1031.25
-83.3633   1062.5
-83.5514   1093.75
-83.4632   1125
-83.7572   1156.25
-84.1981   1187.5
-84.2981   1218.75
-84.351   1250
-84.4274   1281.25
-84.5979   1312.5
-84.7273   1343.75
-85.2329   1375
-85.8268   1406.25
-85.9091   1437.5
-85.5622   1468.75
-85.8209   1500
-86.3677   1531.25
-86.1442   1562.5
-86.5499   1593.75
-87.2026   1625
-87.4201   1656.25
-87.0614   1687.5
-86.8145   1718.75
-87.0967   1750
-87.3731   1781.25
-87.8023   1812.5
-88.0668   1843.75
-88.1374   1875
-88.6901   1906.25
-88.9488   1937.5
-89.2192   1968.75
-88.6195   2000
-88.2609   2031.25
-88.5431   2062.5
-88.8135   2093.75
-88.8606   2125
-88.7665   2156.25
-88.5607   2187.5
-88.643   2218.75
-88.7489   2250
-88.6254   2281.25
-88.3726   2312.5
-88.0433   2343.75
-87.8728   2375
-87.9963   2406.25
-88.2138   2437.5
-88.3197   2468.75
-88.0727   2500
-87.8317   2531.25
-87.6729   2562.5
-87.8905   2593.75
-88.402   2625
-88.5842   2656.25
-88.5196   2687.5
-88.4255   2718.75
-88.3961   2750
-88.3079   2781.25
-88.2785   2812.5
-87.9669   2843.75
-87.6964   2875
-87.6141   2906.25
-87.9963   2937.5
-88.4784   2968.75
-88.7665   3000
-89.0017   3031.25
-88.7606   3062.5
-88.1668   3093.75
-87.5201   3125
-87.5318   3156.25
-87.4789   3187.5
-87.2555   3218.75
-87.232   3250
-87.4377   3281.25
-87.6729   3312.5
-87.573   3343.75
-87.5553   3375
-87.3495   3406.25
-86.938   3437.5
-86.9439   3468.75
-87.2143   3500
-86.7498   3531.25
-86.6264   3562.5
-86.9262   3593.75
-87.0673   3625
-86.7851   3656.25
-86.3265   3687.5
-86.3265   3718.75
-86.744   3750
-86.9262   3781.25
-86.6264   3812.5
-86.0502   3843.75
-85.7974   3875
-85.8797   3906.25
-85.7327   3937.5
-85.8032   3968.75
-86.0149   4000
-86.3265   4031.25
-86.3148   4062.5
-86.2795   4093.75
-86.1854   4125
-86.109   4156.25
-86.4441   4187.5
-86.5852   4218.75
-86.2324   4250
-86.0443   4281.25
-86.256   4312.5
-86.5617   4343.75
-86.2912   4375
-86.1736   4406.25
-86.2089   4437.5
-86.3148   4468.75
-86.5558   4500
-86.6969   4531.25
-86.8439   4562.5
-87.0438   4593.75
-86.9733   4625
-86.938   4656.25
-86.7028   4687.5
-86.6793   4718.75
-87.1614   4750
-87.7317   4781.25
-87.9669   4812.5
-87.9669   4843.75
-88.061   4875
-88.3549   4906.25
-88.7136   4937.5
-88.4079   4968.75
-87.9845   5000
-87.9081   5031.25
-88.0198   5062.5
-88.4372   5093.75
-88.9311   5125
-89.3427   5156.25
-89.3015   5187.5
-89.3074   5218.75
-89.813   5250
-89.7837   5281.25
-89.7013   5312.5
-89.8189   5343.75
-89.8189   5375
-90.0482   5406.25
-90.2893   5437.5
-90.4186   5468.75
-90.1717   5500
-90.3422   5531.25
-90.2658   5562.5
-89.8072   5593.75
-90.2364   5625
-90.8302   5656.25
-91.2829   5687.5
-91.4652   5718.75
-91.7533   5750
-91.8591   5781.25
-91.8297   5812.5
-91.4417   5843.75
-91.0948   5875
-91.2006   5906.25
-91.23   5937.5
-91.7121   5968.75
-91.9885   6000
-91.765   6031.25
-91.4887   6062.5
-91.5828   6093.75
-91.4593   6125
-91.6298   6156.25
-92.159   6187.5
-92.059   6218.75
-91.7121   6250
-91.9003   6281.25
-92.5059   6312.5
-92.5411   6343.75
-92.1707   6375
-92.206   6406.25
-92.5059   6437.5
-92.6176   6468.75
-92.8057   6500
-92.8351   6531.25
-92.4765   6562.5
-92.7528   6593.75
-93.282   6625
-93.3231   6656.25
-93.2643   6687.5
-93.5994   6718.75
-93.6171   6750
-93.8523   6781.25
-94.0051   6812.5
-93.5524   6843.75
-93.4583   6875
-93.8111   6906.25
-94.1874   6937.5
-94.4637   6968.75
-94.2344   7000
-93.5877   7031.25
-93.4525   7062.5
-93.9228   7093.75
-94.0051   7125
-94.0757   7156.25
-94.5813   7187.5
-94.6166   7218.75
-94.6401   7250
-94.7695   7281.25
-94.9517   7312.5
-95.034   7343.75
-95.3163   7375
-95.1751   7406.25
-94.5284   7437.5
-94.3461   7468.75
-94.3167   7500
-94.3344   7531.25
-94.2579   7562.5
-94.499   7593.75
-94.7048   7625
-94.4579   7656.25
-94.8459   7687.5
-94.7695   7718.75
-94.2873   7750
-94.2285   7781.25
-94.4343   7812.5
-94.7577   7843.75
-94.9694   7875
-95.0987   7906.25
-95.1869   7937.5
-95.0105   7968.75
-94.8694   8000
-95.0105   8031.25
-94.8694   8062.5
-94.6754   8093.75
-94.9811   8125
-95.3927   8156.25
-95.1987   8187.5
-95.375   8218.75
-95.7219   8250
-95.3868   8281.25
-95.281   8312.5
-95.5985   8343.75
-95.4985   8375
-95.3868   8406.25
-95.2986   8437.5
-95.3868   8468.75
-95.7455   8500
-95.5691   8531.25
-95.3633   8562.5
-95.9924   8593.75
-96.1453   8625
-95.9689   8656.25
-96.1276   8687.5
-95.7278   8718.75
-95.5162   8750
-95.8395   8781.25
-96.1453   8812.5
-96.1217   8843.75
-95.7749   8875
-95.8395   8906.25
-95.9336   8937.5
-95.8572   8968.75
-95.7337   9000
-95.9101   9031.25
-96.1453   9062.5
-96.0924   9093.75
-96.0159   9125
-95.9454   9156.25
-95.7396   9187.5
-95.9806   9218.75
-96.645   9250
-96.6215   9281.25
-96.1923   9312.5
-95.8983   9343.75
-95.6573   9375
-96.0336   9406.25
-96.3687   9437.5
-96.11   9468.75
-96.1864   9500
-96.6156   9531.25
-96.498   9562.5
-96.1217   9593.75
-96.0277   9625
-96.2687   9656.25
-96.3452   9687.5
-96.3216   9718.75
-96.4098   9750
-96.6039   9781.25
-96.2217   9812.5
-95.6984   9843.75
-95.669   9875
-95.963   9906.25
-96.3628   9937.5
-96.6509   9968.75
-96.6803   10000
-96.5627   10031.3
-96.3275   10062.5
-96.3628   10093.8
-96.6744   10125
-97.1507   10156.3
-97.1565   10187.5
-96.7626   10218.8
-96.5333   10250
-96.5627   10281.3
-96.8332   10312.5
-96.792   10343.8
-96.7744   10375
-96.7215   10406.3
-97.0683   10437.5
-97.1624   10468.8
-96.9508   10500
-96.7861   10531.3
-96.7332   10562.5
-96.7391   10593.8
-97.233   10625
-97.2976   10656.3
-96.9449   10687.5
-96.8038   10718.8
-96.645   10750
-96.7038   10781.3
-97.0507   10812.5
-97.2859   10843.8
-97.1095   10875
-97.3153   10906.3
-97.2212   10937.5
-96.8214   10968.8
-97.0272   11000
-97.5211   11031.3
-97.4623   11062.5
-97.0331   11093.8
-97.1859   11125
-97.1742   11156.3
-97.0801   11187.5
-97.621   11218.8
-97.8738   11250
-97.5446   11281.3
-97.8915   11312.5
-97.6563   11343.8
-97.2682   11375
-96.9037   11406.3
-96.6803   11437.5
-96.7156   11468.8
-96.939   11500
-96.9566   11531.3
-97.2741   11562.5
-97.28   11593.8
-97.2741   11625
-97.6681   11656.3
-97.6504   11687.5
-97.7151   11718.8
-98.0796   11750
-97.7798   11781.3
-97.4975   11812.5
-97.5563   11843.8
-97.7621   11875
-98.0443   11906.3
-98.1031   11937.5
-97.8562   11968.8
-97.9973   12000
-98.4853   12031.3
-98.6205   12062.5
-98.4441   12093.8
-98.2913   12125
-97.9738   12156.3
-97.6622   12187.5
-97.9855   12218.8
-98.1972   12250
-98.0855   12281.3
-97.9914   12312.5
-97.9914   12343.8
-98.0737   12375
-98.4147   12406.3
-98.4559   12437.5
-98.2678   12468.8
