%03/12/2016 12:02 PM

-47.4337   0
-50.7497   250
-61.1917   500
-71.4926   750
-73.3505   1000
-75.5318   1250
-76.9076   1500
-78.4304   1750
-79.4534   2000
-79.5357   2250
-79.2123   2500
-79.2888   2750
-79.1065   3000
-78.5773   3250
-77.5484   3500
-76.8429   3750
-77.2956   4000
-77.8365   4250
-77.8953   4500
-78.2363   4750
-79.1359   5000
-80.1707   5250
-80.7234   5500
-81.2701   5750
-82.5872   6000
-83.4279   6250
-84.0276   6500
-84.3569   6750
-84.4451   7000
-84.9801   7250
-85.8268   7500
-86.4206   7750
-86.5264   8000
-86.2795   8250
-86.597   8500
-87.179   8750
-87.767   9000
-88.0316   9250
-87.9728   9500
-87.7376   9750
-87.7552   10000
-87.7493   10250
-87.7729   10500
-88.1727   10750
-87.9669   11000
-87.9316   11250
-88.4196   11500
-88.3255   11750
-88.4784   12000
-88.8547   12250
-89.2839   12500
-89.6661   12750
-90.1952   13000
-90.3187   13250
-90.4774   13500
-91.4005   13750
-92.0002   14000
-92.5705   14250
-93.1526   14500
-93.4172   14750
-93.0644   15000
-92.4588   15250
-92.547   15500
-93.1232   15750
-93.9228   16000
-94.5108   16250
-94.6871   16500
-94.5108   16750
-94.4167   17000
-94.2168   17250
-94.1168   17500
-94.2873   17750
-94.3461   18000
-94.2638   18250
-94.2462   18500
-94.4872   18750
-94.8988   19000
-94.9458   19250
-94.7224   19500
-94.4931   19750
-94.5754   20000
-94.6813   20250
-94.6166   20500
-94.7459   20750
-95.4103   21000
-95.9218   21250
-95.8866   21500
-95.7043   21750
-95.7749   22000
-95.5632   22250
-95.4456   22500
-95.4574   22750
-95.769   23000
-95.9983   23250
-95.9512   23500
-95.7278   23750
-95.6279   24000
-95.7102   24250
-95.8278   24500
-96.2276   24750
-96.7273   25000
-96.6685   25250
-96.8449   25500
-97.0037   25750
-96.9625   26000
-97.0095   26250
-96.6568   26500
-96.4745   26750
-96.792   27000
-96.9096   27250
-97.1742   27500
-97.3035   27750
-97.1271   28000
-97.086   28250
-97.0683   28500
-96.9508   28750
-97.1213   29000
-97.3506   29250
-97.2212   29500
-97.0625   29750
-97.3035   30000
-97.5681   30250
-97.7151   30500
-97.8033   30750
-97.8386   31000
-97.8092   31250
-97.4799   31500
-97.4505   31750
-97.621   32000
-97.8327   32250
-97.9973   32500
-97.9561   32750
-97.5916   33000
-97.3447   33250
-97.3741   33500
-97.5387   33750
-97.5563   34000
-97.5681   34250
-97.8797   34500
-98.209   34750
-98.403   35000
-98.4324   35250
-98.3501   35500
-98.1678   35750
-98.0032   36000
-98.2972   36250
-98.1384   36500
-98.0091   36750
-98.2442   37000
-98.1208   37250
-98.209   37500
-98.3324   37750
-98.2384   38000
-98.4912   38250
-98.2913   38500
-97.474   38750
-97.4858   39000
-98.1443   39250
-98.2678   39500
-98.3501   39750
-98.3795   40000
-98.6029   40250
-98.55   40500
-98.0973   40750
-98.4383   41000
-98.7793   41250
-98.4383   41500
-98.1384   41750
-98.0149   42000
-97.9914   42250
-98.256   42500
-98.5794   42750
-98.6029   43000
-98.3912   43250
-97.9973   43500
-98.0385   43750
-98.4559   44000
-98.6499   44250
-98.4735   44500
-98.2207   44750
-98.5441   45000
-98.8557   45250
-98.6734   45500
-98.5382   45750
-98.4618   46000
-98.5323   46250
-98.4853   46500
-98.1737   46750
-98.2325   47000
-98.2795   47250
-98.6029   47500
-98.7028   47750
-98.3971   48000
-98.3618   48250
-98.4735   48500
-98.744   48750
-98.7322   49000
-98.403   49250
-98.3971   49500
-98.4324   49750
-98.1031   50000
-97.9738   50250
-98.062   50500
-97.9855   50750
-97.9679   51000
-97.868   51250
-97.5563   51500
-97.7798   51750
-98.0032   52000
-97.9444   52250
-98.109   52500
-98.1267   52750
-97.7974   53000
-97.768   53250
-97.7504   53500
-97.6093   53750
-97.2565   54000
-96.6215   54250
-96.3275   54500
-96.4451   54750
-96.8273   55000
-97.0272   55250
-97.086   55500
-96.7332   55750
-96.5392   56000
-96.6039   56250
-96.4451   56500
-96.4922   56750
-96.157   57000
-95.7925   57250
-95.9454   57500
-96.1453   57750
-96.1805   58000
-96.0336   58250
-95.9042   58500
-95.8219   58750
-95.8043   59000
-96.1041   59250
-96.4098   59500
-96.0924   59750
-95.863   60000
-95.8101   60250
-95.5573   60500
-95.3692   60750
-95.3515   61000
-95.3045   61250
-94.9811   61500
-94.6813   61750
-94.8635   62000
-95.5103   62250
-95.5985   62500
-95.3104   62750
-95.134   63000
-95.2104   63250
-95.669   63500
-96.0453   63750
-95.7396   64000
-95.916   64250
-96.3275   64500
-96.2099   64750
-95.6573   65000
-95.6867   65250
-95.916   65500
-95.8983   65750
-96.0571   66000
-96.2981   66250
-96.7567   66500
-96.7685   66750
-96.5274   67000
-96.6744   67250
-97.1801   67500
-97.3212   67750
-97.4505   68000
-97.7151   68250
-97.5387   68500
-97.2153   68750
-96.8684   69000
-97.1507   69250
-97.6151   69500
-97.7562   69750
-97.2918   70000
-96.986   70250
-97.0566   70500
-96.9449   70750
-97.1036   71000
-97.1154   71250
-96.892   71500
-96.5509   71750
-96.2864   72000
-96.3628   72250
-96.5216   72500
-96.6391   72750
-96.5568   73000
-96.598   73250
-97.1095   73500
-97.4446   73750
-97.4446   74000
-97.1448   74250
-96.7391   74500
-96.7156   74750
-97.1036   75000
-97.6093   75250
-97.9914   75500
-98.0443   75750
-98.0855   76000
-97.9738   76250
-98.1208   76500
-98.1384   76750
-98.5088   77000
-99.1438   77250
-99.4966   77500
-99.9258   77750
-99.6671   78000
-99.6142   78250
-100.19   78500
-100.32   78750
-100.478   79000
-100.549   79250
-100.237   79500
-100.308   79750
-100.737   80000
-101.454   80250
-101.701   80500
-101.407   80750
-101.29   81000
-101.208   81250
-101.131   81500
-101.596   81750
-101.948   82000
-101.925   82250
-101.989   82500
-102.172   82750
-102.007   83000
-101.842   83250
-101.884   83500
-102.107   83750
-102.336   84000
-103.001   84250
-103.183   84500
-102.86   84750
-102.93   85000
-102.989   85250
-102.754   85500
-102.672   85750
-102.883   86000
-102.936   86250
-102.783   86500
-102.789   86750
-103.048   87000
-103.136   87250
-103.653   87500
-103.783   87750
-103.189   88000
-102.766   88250
-102.895   88500
-103.483   88750
-103.548   89000
-103.565   89250
-103.865   89500
-103.865   89750
-103.789   90000
-103.912   90250
-103.883   90500
-103.8   90750
-103.783   91000
-103.548   91250
-103.659   91500
-103.718   91750
-103.565   92000
-103.777   92250
-104.141   92500
-103.93   92750
-103.712   93000
-103.859   93250
-104.077   93500
-104.047   93750
-104.083   94000
-104.406   94250
-104.347   94500
-104.118   94750
-104   95000
-103.853   95250
-103.906   95500
-104.218   95750
-104.712   96000
-105.188   96250
-104.818   96500
-104.5   96750
-104.359   97000
-104.247   97250
-104.359   97500
-104.765   97750
-104.788   98000
-104.676   98250
-104.665   98500
-104.341   98750
-104.088   99000
-104.036   99250
-104.359   99500
-104.494   99750
