%03/12/2016 12:09 PM

-46.1108   0
-49.4327   250
-59.8688   500
-71.3397   750
-72.9507   1000
-75.1084   1250
-76.8782   1500
-77.6366   1750
-78.0835   2000
-78.642   2250
-78.5656   2500
-78.1834   2750
-77.7307   3000
-77.2251   3250
-76.3549   3500
-75.7023   3750
-75.6141   4000
-75.7199   4250
-76.055   4500
-76.9193   4750
-78.1775   5000
-79.0712   5250
-79.4534   5500
-80.0472   5750
-80.8821   6000
-81.7052   6250
-82.4931   6500
-83.1692   6750
-83.7101   7000
-84.1923   7250
-84.792   7500
-85.5739   7750
-85.9796   8000
-86.0678   8250
-86.2207   8500
-86.2383   8750
-86.2618   9000
-86.497   9250
-86.8615   9500
-87.179   9750
-86.9968   10000
-86.4382   10250
-86.8086   10500
-87.3495   10750
-87.2907   11000
-87.2026   11250
-87.5024   11500
-88.0727   11750
-88.255   12000
-88.2256   12250
-88.6313   12500
-89.0076   12750
-89.766   13000
-90.3951   13250
-90.4892   13500
-90.2717   13750
-90.6891   14000
-91.5534   14250
-92.159   14500
-92.647   14750
-92.5647   15000
-91.7709   15250
-91.912   15500
-92.7234   15750
-93.1702   16000
-92.9174   16250
-92.9174   16500
-93.3407   16750
-93.4819   17000
-93.229   17250
-92.9939   17500
-93.2408   17750
-93.7876   18000
-93.8817   18250
-94.3991   18500
-94.9517   18750
-94.4696   19000
-94.0404   19250
-94.352   19500
-94.8047   19750
-94.987   20000
-94.6401   20250
-94.4696   20500
-94.6871   20750
-94.6989   21000
-94.6342   21250
-94.8753   21500
-95.2163   21750
-95.134   22000
-95.0987   22250
-95.0282   22500
-95.0282   22750
-95.1928   23000
-95.0693   23250
-94.9106   23500
-95.0282   23750
-95.1458   24000
-95.3809   24250
-95.3339   24500
-95.5044   24750
-95.916   25000
-96.11   25250
-96.2923   25500
-95.8983   25750
-95.8101   26000
-96.451   26250
-96.6156   26500
-96.1394   26750
-95.7102   27000
-95.9454   27250
-96.5862   27500
-96.7685   27750
-96.8449   28000
-96.8273   28250
-97.1742   28500
-97.3741   28750
-96.986   29000
-96.7156   29250
-96.4686   29500
-96.7744   29750
-97.0683   30000
-96.6862   30250
-96.8567   30500
-97.3976   30750
-97.7268   31000
-97.8092   31250
-97.8092   31500
-97.4505   31750
-96.892   32000
-96.6274   32250
-96.8273   32500
-97.1918   32750
-97.4623   33000
-97.5446   33250
-97.4152   33500
-97.4682   33750
-97.768   34000
-98.0796   34250
-98.5029   34500
-98.5853   34750
-98.597   35000
-98.5794   35250
-98.5382   35500
-98.5794   35750
-98.5617   36000
-98.6382   36250
-98.5382   36500
-98.5794   36750
-98.8557   37000
-98.9204   37250
-98.697   37500
-98.4853   37750
-98.5676   38000
-98.4794   38250
-98.2619   38500
-97.7562   38750
-98.0973   39000
-98.7087   39250
-98.55   39500
-98.8733   39750
-99.1791   40000
-99.3496   40250
-99.1203   40500
-98.45   40750
-98.45   41000
-98.7969   41250
-99.2908   41500
-99.4554   41750
-99.4789   42000
-99.4848   42250
-99.3849   42500
-98.9263   42750
-98.8557   43000
-99.1262   43250
-99.3143   43500
-99.5142   43750
-99.6024   44000
-99.6494   44250
-99.7259   44500
-100.143   44750
-100.561   45000
-100.784   45250
-100.573   45500
-99.8787   45750
-99.7024   46000
-100.032   46250
-100.149   46500
-99.9317   46750
-100.079   47000
-100.308   47250
-100.308   47500
-100.149   47750
-99.9199   48000
-99.8493   48250
-99.7141   48500
-99.9728   48750
-100.608   49000
-100.796   49250
-100.502   49500
-100.608   49750
-100.631   50000
-100.467   50250
-100.149   50500
-100.067   50750
-100.496   51000
-100.567   51250
-100.249   51500
-100.132   51750
-99.9905   52000
-100.014   52250
-100.384   52500
-100.461   52750
-100.602   53000
-101.043   53250
-101.237   53500
-101.078   53750
-100.949   54000
-100.502   54250
-100.12   54500
-100.584   54750
-100.802   55000
-100.596   55250
-100.667   55500
-100.708   55750
-100.573   56000
-100.696   56250
-100.837   56500
-100.431   56750
-100.573   57000
-101.108   57250
-100.861   57500
-100.731   57750
-100.573   58000
-100.378   58250
-100.702   58500
-100.961   58750
-101.149   59000
-101.008   59250
-101.131   59500
-101.219   59750
-100.872   60000
-100.484   60250
-100.173   60500
-99.9081   60750
-100.137   61000
-100.567   61250
-100.755   61500
-100.872   61750
-100.42   62000
-100.214   62250
-100.396   62500
-100.173   62750
-99.9787   63000
-100.155   63250
-100.414   63500
-100.625   63750
-100.866   64000
-100.855   64250
-100.872   64500
-100.819   64750
-100.396   65000
-100.62   65250
-100.943   65500
-100.849   65750
-100.667   66000
-100.661   66250
-100.202   66500
-99.8493   66750
-99.4554   67000
-99.2438   67250
-99.5671   67500
-99.1791   67750
-98.8616   68000
-99.1026   68250
-98.8498   68500
-99.2085   68750
-99.6024   69000
-99.426   69250
-99.4907   69500
-99.5319   69750
-98.4794   70000
-98.0091   70250
-98.3736   70500
-98.9263   70750
-99.3378   71000
-99.3084   71250
-98.791   71500
-98.2442   71750
-97.8386   72000
-97.7386   72250
-97.7974   72500
-97.8209   72750
-97.7327   73000
-97.7092   73250
-97.7915   73500
-97.9444   73750
-98.1561   74000
-98.3853   74250
-98.403   74500
-98.0443   74750
-98.109   75000
-98.5559   75250
-98.7675   75500
-98.7793   75750
-99.0086   76000
-99.6553   76250
-99.7553   76500
-99.7376   76750
-99.6142   77000
-99.5789   77250
-100.037   77500
-100.126   77750
-100.52   78000
-100.872   78250
-101.184   78500
-101.166   78750
-101.237   79000
-101.454   79250
-101.384   79500
-101.366   79750
-101.725   80000
-101.925   80250
-101.884   80500
-101.784   80750
-101.878   81000
-102.301   81250
-102.236   81500
-102.348   81750
-102.548   82000
-102.313   82250
-102.348   82500
-102.572   82750
-102.572   83000
-102.93   83250
-103.083   83500
-103.277   83750
-102.807   84000
-102.513   84250
-102.742   84500
-103.03   84750
-103.536   85000
-103.965   85250
-103.665   85500
-103.295   85750
-103.142   86000
-103.171   86250
-102.907   86500
-102.883   86750
-103.312   87000
-103.894   87250
-104.159   87500
-104.006   87750
-103.812   88000
-103.806   88250
-103.724   88500
-103.924   88750
-104.388   89000
-104.277   89250
-104.03   89500
-104.006   89750
-104.359   90000
-104.165   90250
-103.595   90500
-103.677   90750
-104.335   91000
-104.576   91250
-104.3   91500
-104.3   91750
-104.512   92000
-104.641   92250
-104.794   92500
-104.97   92750
-104.935   93000
-104.812   93250
-104.823   93500
-104.706   93750
-104.8   94000
-105.282   94250
-105.235   94500
-104.935   94750
-104.629   95000
-104.406   95250
-104.6   95500
-104.653   95750
-105.035   96000
-105.282   96250
-105.182   96500
-104.859   96750
-104.694   97000
-104.829   97250
-104.818   97500
-104.665   97750
-104.7   98000
-105.082   98250
-104.953   98500
-104.776   98750
-104.876   99000
-104.9   99250
-104.753   99500
-104.765   99750
