%03/12/2016 11:46 AM

-44.4998   0
-47.8394   31.25
-58.5812   62.5
-73.7679   93.75
-73.1976   125
-76.2491   156.25
-80.8468   187.5
-82.2932   218.75
-83.4162   250
-86.8498   281.25
-87.5259   312.5
-87.4554   343.75
-87.5024   375
-87.1614   406.25
-86.5029   437.5
-85.2917   468.75
-83.9865   500
-83.6043   531.25
-83.6807   562.5
-82.6636   593.75
-81.3583   625
-81.0467   656.25
-81.0761   687.5
-80.9527   718.75
-81.0056   750
-81.1878   781.25
-81.4877   812.5
-81.6288   843.75
-82.0227   875
-82.8282   906.25
-83.3515   937.5
-83.6455   968.75
-84.057   1000
-84.451   1031.25
-84.8037   1062.5
-85.1624   1093.75
-85.6621   1125
-86.0561   1156.25
-86.5441   1187.5
-86.938   1218.75
-86.7204   1250
-86.3265   1281.25
-86.0796   1312.5
-86.2618   1343.75
-86.4323   1375
-86.3442   1406.25
-86.6028   1437.5
-86.8733   1468.75
-86.8321   1500
-86.7616   1531.25
-86.9203   1562.5
-87.3848   1593.75
-87.7905   1625
-87.6082   1656.25
-87.3319   1687.5
-87.426   1718.75
-87.8258   1750
-87.5906   1781.25
-87.5142   1812.5
-87.6259   1843.75
-87.5377   1875
-87.6318   1906.25
-87.7435   1937.5
-88.1727   1968.75
-88.3961   2000
-88.1609   2031.25
-87.7964   2062.5
-87.7376   2093.75
-87.4671   2125
-87.279   2156.25
-87.667   2187.5
-87.6847   2218.75
-87.1438   2250
-87.1261   2281.25
-87.426   2312.5
-87.4907   2343.75
-87.0379   2375
-86.7734   2406.25
-86.6499   2437.5
-86.9086   2468.75
-86.985   2500
-86.7146   2531.25
-86.6205   2562.5
-86.8145   2593.75
-87.0614   2625
-87.0027   2656.25
-86.744   2687.5
-86.2618   2718.75
-85.9679   2750
-86.2912   2781.25
-86.2501   2812.5
-85.9208   2843.75
-86.1148   2875
-86.6381   2906.25
-86.5147   2937.5
-86.303   2968.75
-86.4029   3000
-86.4676   3031.25
-86.35   3062.5
-85.8562   3093.75
-85.8326   3125
-86.0619   3156.25
-85.8444   3187.5
-85.3682   3218.75
-85.2682   3250
-85.374   3281.25
-85.374   3312.5
-85.5328   3343.75
-85.5739   3375
-85.3446   3406.25
-85.2623   3437.5
-84.8566   3468.75
-84.4627   3500
-84.6509   3531.25
-84.5509   3562.5
-84.3922   3593.75
-84.2334   3625
-84.398   3656.25
-84.6744   3687.5
-84.6567   3718.75
-84.6626   3750
-84.4098   3781.25
-84.0159   3812.5
-83.9924   3843.75
-84.3392   3875
-84.3157   3906.25
-83.9159   3937.5
-84.01   3968.75
-84.3569   4000
-84.2217   4031.25
-84.1393   4062.5
-84.0629   4093.75
-84.0805   4125
-84.3922   4156.25
-84.2334   4187.5
-83.8983   4218.75
-84.1511   4250
-84.2922   4281.25
-84.3392   4312.5
-84.1629   4343.75
-84.0041   4375
-84.3628   4406.25
-84.3863   4437.5
-84.0688   4468.75
-84.1158   4500
-84.4804   4531.25
-84.6861   4562.5
-84.5509   4593.75
-84.8155   4625
-85.0918   4656.25
-84.8037   4687.5
-84.7978   4718.75
-85.0036   4750
-85.7033   4781.25
-85.9737   4812.5
-85.6504   4843.75
-85.7503   4875
-85.9267   4906.25
-86.0384   4937.5
-85.9679   4968.75
-85.768   5000
-86.0913   5031.25
-86.4029   5062.5
-86.2971   5093.75
-86.4853   5125
-86.8263   5156.25
-86.7263   5187.5
-86.4206   5218.75
-86.5793   5250
-87.0203   5281.25
-87.5612   5312.5
-87.6612   5343.75
-87.5906   5375
-87.9669   5406.25
-88.108   5437.5
-88.1315   5468.75
-88.3314   5500
-88.5842   5531.25
-88.743   5562.5
-88.7841   5593.75
-88.5725   5625
-88.3667   5656.25
-88.3843   5687.5
-88.5842   5718.75
-89.0546   5750
-89.719   5781.25
-89.7837   5812.5
-89.425   5843.75
-89.2133   5875
-89.084   5906.25
-89.1663   5937.5
-89.3721   5968.75
-89.5367   6000
-89.425   6031.25
-89.2427   6062.5
-89.5073   6093.75
-89.9189   6125
-90.1776   6156.25
-90.2187   6187.5
-90.2364   6218.75
-90.3481   6250
-90.1893   6281.25
-90.2834   6312.5
-90.4245   6343.75
-90.7067   6375
-91.2712   6406.25
-91.0948   6437.5
-90.7773   6468.75
-90.9184   6500
-90.8243   6531.25
-90.8537   6562.5
-91.183   6593.75
-91.1595   6625
-91.377   6656.25
-91.4828   6687.5
-91.6181   6718.75
-91.6768   6750
-91.6357   6781.25
-91.8709   6812.5
-91.9062   6843.75
-91.8415   6875
-91.912   6906.25
-92.2707   6937.5
-92.2354   6968.75
-91.9473   7000
-91.9003   7031.25
-92.0296   7062.5
-92.059   7093.75
-92.0825   7125
-92.4941   7156.25
-93.0762   7187.5
-92.9762   7218.75
-92.547   7250
-92.4882   7281.25
-92.7998   7312.5
-93.3113   7343.75
-93.2467   7375
-92.8469   7406.25
-92.4823   7437.5
-92.7058   7468.75
-93.1408   7500
-93.1291   7531.25
-92.7587   7562.5
-92.5411   7593.75
-92.6881   7625
-93.2408   7656.25
-93.5642   7687.5
-93.6759   7718.75
-93.3525   7750
-93.282   7781.25
-93.7641   7812.5
-93.9934   7843.75
-93.7288   7875
-93.376   7906.25
-93.4936   7937.5
-93.4995   7968.75
-93.4407   8000
-93.5759   8031.25
-93.3643   8062.5
-93.3995   8093.75
-93.7817   8125
-93.8817   8156.25
-93.8993   8187.5
-93.8523   8218.75
-93.8523   8250
-94.0228   8281.25
-94.0522   8312.5
-93.4642   8343.75
-93.4936   8375
-94.111   8406.25
-94.2168   8437.5
-94.011   8468.75
-94.0816   8500
-94.4343   8531.25
-94.3814   8562.5
-94.1227   8593.75
-94.4285   8625
-94.646   8656.25
-94.3814   8687.5
-94.3285   8718.75
-94.5696   8750
-94.452   8781.25
-94.2815   8812.5
-94.3579   8843.75
-94.2462   8875
-94.4226   8906.25
-94.646   8937.5
-94.5696   8968.75
-94.452   9000
-94.305   9031.25
-94.3109   9062.5
-94.6636   9093.75
-94.8871   9125
-95.1634   9156.25
-95.2339   9187.5
-94.9517   9218.75
-94.6636   9250
-94.3697   9281.25
-94.1874   9312.5
-94.3697   9343.75
-94.7871   9375
-95.0046   9406.25
-94.9517   9437.5
-95.1222   9468.75
-95.0928   9500
-95.0693   9531.25
-95.1928   9562.5
-94.9694   9593.75
-95.1222   9625
-95.6631   9656.25
-95.5103   9687.5
-95.522   9718.75
-95.4221   9750
-95.0046   9781.25
-95.034   9812.5
-94.9752   9843.75
-94.793   9875
-94.8518   9906.25
-94.9752   9937.5
-95.0282   9968.75
-95.1928   10000
-95.6044   10031.3
-95.4926   10062.5
-95.3457   10093.8
-95.5103   10125
-95.5338   10156.3
-95.4515   10187.5
-95.7396   10218.8
-95.8689   10250
-95.8278   10281.3
-95.5867   10312.5
-95.5338   10343.8
-95.7337   10375
-95.4515   10406.3
-95.2398   10437.5
-95.3515   10468.8
-95.5573   10500
-95.3515   10531.3
-95.034   10562.5
-95.1751   10593.8
-95.7749   10625
-95.9101   10656.3
-95.5044   10687.5
-95.5162   10718.8
-95.2516   10750
-95.375   10781.3
-95.7396   10812.5
-95.916   10843.8
-95.8689   10875
-96.0218   10906.3
-96.1923   10937.5
-96.2041   10968.8
-95.9512   11000
-95.8983   11031.3
-96.498   11062.5
-96.7685   11093.8
-96.498   11125
-96.0982   11156.3
-96.2041   11187.5
-96.2923   11218.8
-95.863   11250
-95.3986   11281.3
-95.7161   11312.5
-96.3452   11343.8
-96.4451   11375
-96.451   11406.3
-96.351   11437.5
-96.2335   11468.8
-96.3334   11500
-96.1041   11531.3
-95.9983   11562.5
-96.404   11593.8
-96.2276   11625
-95.7396   11656.3
-95.863   11687.5
-96.3922   11718.8
-96.6862   11750
-96.5921   11781.3
-96.3922   11812.5
-96.0865   11843.8
-95.9689   11875
-96.1511   11906.3
-96.1747   11937.5
-96.2511   11968.8
-96.7332   12000
-96.8743   12031.3
-96.5686   12062.5
-96.2511   12093.8
-96.2158   12125
-96.598   12156.3
-96.7097   12187.5
-96.8802   12218.8
-96.8214   12250
-96.6215   12281.3
-96.5745   12312.5
-96.8332   12343.8
-96.8096   12375
-96.9978   12406.3
-97.3506   12437.5
-97.427   12468.8
