%03/12/2016 11:42 AM

-52.49   0
-55.8237   31.25
-66.5597   62.5
-87.9022   93.75
-99.4319   125
-92.1061   156.25
-90.4657   187.5
-95.3868   218.75
-101.89   250
-95.7572   281.25
-94.8635   312.5
-99.279   343.75
-104.194   375
-106.975   406.25
-108.604   437.5
-110.703   468.75
-111.238   500
-110.962   531.25
-110.709   562.5
-110.879   593.75
-108.992   625
-106.993   656.25
-108.139   687.5
-109.868   718.75
-109.833   750
-109.792   781.25
-110.274   812.5
-110.203   843.75
-109.745   875
-109.468   906.25
-110.162   937.5
-109.78   968.75
-109.28   1000
-109.886   1031.25
-110.45   1062.5
-109.933   1093.75
-109.392   1125
-109.456   1156.25
-109.833   1187.5
-109.68   1218.75
-109.833   1250
-110.068   1281.25
-109.527   1312.5
-109.027   1343.75
-109.204   1375
-109.362   1406.25
-108.963   1437.5
-108.827   1468.75
-109.004   1500
-109.068   1531.25
-108.957   1562.5
-108.622   1593.75
-108.604   1625
-109.057   1656.25
-108.78   1687.5
-108.469   1718.75
-108.222   1750
-107.94   1781.25
-108.281   1812.5
-108.433   1843.75
-108.269   1875
-108.175   1906.25
-108.357   1937.5
-108.398   1968.75
-108.304   2000
-108.01   2031.25
-107.693   2062.5
-107.216   2093.75
-106.675   2125
-106.74   2156.25
-106.775   2187.5
-106.54   2218.75
-106.57   2250
-106.758   2281.25
-106.628   2312.5
-106.499   2343.75
-106.47   2375
-106.058   2406.25
-105.629   2437.5
-105.159   2468.75
-104.965   2500
-105.294   2531.25
-105.511   2562.5
-105.294   2593.75
-104.847   2625
-104.5   2656.25
-104.365   2687.5
-104.629   2718.75
-104.706   2750
-104.453   2781.25
-104.188   2812.5
-104.218   2843.75
-104.259   2875
-103.959   2906.25
-103.836   2937.5
-103.877   2968.75
-104.006   3000
-103.818   3031.25
-103.283   3062.5
-103.071   3093.75
-103.06   3125
-103.136   3156.25
-103.218   3187.5
-102.86   3218.75
-102.548   3250
-102.866   3281.25
-102.942   3312.5
-102.766   3343.75
-102.525   3375
-102.166   3406.25
-101.696   3437.5
-101.566   3468.75
-101.501   3500
-101.46   3531.25
-101.625   3562.5
-101.913   3593.75
-101.625   3625
-101.002   3656.25
-100.808   3687.5
-100.672   3718.75
-100.496   3750
-99.8493   3781.25
-99.7082   3812.5
-99.8552   3843.75
-99.8199   3875
-100.108   3906.25
-99.9434   3937.5
-99.72   3968.75
-99.6965   4000
-99.867   4031.25
-99.9023   4062.5
-99.6318   4093.75
-99.4554   4125
-99.3849   4156.25
-99.5436   4187.5
-99.8964   4218.75
-99.7435   4250
-99.5906   4281.25
-99.7612   4312.5
-100.114   4343.75
-99.9199   4375
-99.6083   4406.25
-99.6553   4437.5
-99.6436   4468.75
-99.5083   4500
-99.3202   4531.25
-99.2379   4562.5
-99.7082   4593.75
-100.179   4625
-99.8199   4656.25
-99.7435   4687.5
-100.467   4718.75
-100.667   4750
-100.314   4781.25
-100.267   4812.5
-100.314   4843.75
-100.378   4875
-100.314   4906.25
-100.531   4937.5
-100.42   4968.75
-100.331   5000
-100.596   5031.25
-100.925   5062.5
-100.861   5093.75
-100.802   5125
-100.99   5156.25
-101.066   5187.5
-101.102   5218.75
-101.155   5250
-100.996   5281.25
-101.549   5312.5
-101.872   5343.75
-101.842   5375
-101.707   5406.25
-101.543   5437.5
-101.501   5468.75
-101.413   5500
-101.619   5531.25
-102.195   5562.5
-102.413   5593.75
-101.96   5625
-101.59   5656.25
-101.525   5687.5
-101.637   5718.75
-101.619   5750
-101.807   5781.25
-102.178   5812.5
-102.389   5843.75
-102.413   5875
-102.76   5906.25
-102.983   5937.5
-102.642   5968.75
-102.401   6000
-102.107   6031.25
-102.201   6062.5
-102.695   6093.75
-102.96   6125
-103.124   6156.25
-102.842   6187.5
-102.395   6218.75
-102.624   6250
-103.036   6281.25
-103.201   6312.5
-102.895   6343.75
-103.007   6375
-103.183   6406.25
-103.201   6437.5
-103.512   6468.75
-103.501   6500
-103.512   6531.25
-103.806   6562.5
-103.783   6593.75
-103.695   6625
-103.442   6656.25
-103.048   6687.5
-103.212   6718.75
-103.577   6750
-103.565   6781.25
-103.354   6812.5
-103.424   6843.75
-103.318   6875
-103.365   6906.25
-103.706   6937.5
-103.842   6968.75
-103.653   7000
-104.041   7031.25
-104.388   7062.5
-104.153   7093.75
-103.612   7125
-103.406   7156.25
-103.542   7187.5
-103.606   7218.75
-103.506   7250
-103.365   7281.25
-103.736   7312.5
-103.941   7343.75
-104.065   7375
-104.159   7406.25
-103.983   7437.5
-104.206   7468.75
-104.088   7500
-104.024   7531.25
-104.171   7562.5
-103.93   7593.75
-104.083   7625
-104.412   7656.25
-104.312   7687.5
-103.989   7718.75
-103.93   7750
-103.912   7781.25
-104.03   7812.5
-104.036   7843.75
-104.112   7875
-104.33   7906.25
-104.106   7937.5
-104.012   7968.75
-104.447   8000
-104.618   8031.25
-104.524   8062.5
-104.23   8093.75
-103.883   8125
-104.071   8156.25
-104.03   8187.5
-103.636   8218.75
-103.453   8250
-103.571   8281.25
-103.971   8312.5
-104.635   8343.75
-104.565   8375
-104.194   8406.25
-104.3   8437.5
-104.441   8468.75
-104.171   8500
-104.124   8531.25
-104.171   8562.5
-104.271   8593.75
-104.259   8625
-104.288   8656.25
-104.106   8687.5
-104.259   8718.75
-104.365   8750
-103.989   8781.25
-103.677   8812.5
-103.889   8843.75
-104.2   8875
-104.277   8906.25
-104.083   8937.5
-104.124   8968.75
-104.306   9000
-104.018   9031.25
-103.824   9062.5
-103.842   9093.75
-103.842   9125
-103.83   9156.25
-103.636   9187.5
-103.448   9218.75
-103.6   9250
-103.883   9281.25
-103.9   9312.5
-104.335   9343.75
-104.453   9375
-104.212   9406.25
-104.253   9437.5
-104.041   9468.75
-103.747   9500
-103.936   9531.25
-104.13   9562.5
-104.424   9593.75
-104.418   9625
-103.953   9656.25
-104   9687.5
-104.124   9718.75
-104.012   9750
-103.983   9781.25
-103.9   9812.5
-103.377   9843.75
-103.336   9875
-103.577   9906.25
-103.395   9937.5
-103.254   9968.75
-103.236   10000
-103.159   10031.3
-103.559   10062.5
-103.689   10093.8
-103.459   10125
-103.365   10156.3
-103.301   10187.5
-103.371   10218.8
-103.389   10250
-103.406   10281.3
-103.571   10312.5
-103.542   10343.8
-103.489   10375
-103.089   10406.3
-102.842   10437.5
-102.783   10468.8
-102.948   10500
-103.142   10531.3
-103.118   10562.5
-103.107   10593.8
-102.871   10625
-102.83   10656.3
-103.189   10687.5
-103.665   10718.8
-103.53   10750
-103.383   10781.3
-103.148   10812.5
-103.324   10843.8
-103.548   10875
-103.501   10906.3
-103.524   10937.5
-103.389   10968.8
-103.077   11000
-103.024   11031.3
-103.13   11062.5
-103.289   11093.8
-103.636   11125
-103.495   11156.3
-103.436   11187.5
-103.647   11218.8
-103.318   11250
-103.159   11281.3
-103.248   11312.5
-103.512   11343.8
-103.73   11375
-103.753   11406.3
-103.724   11437.5
-103.089   11468.8
-102.548   11500
-102.713   11531.3
-102.807   11562.5
-102.83   11593.8
-103.042   11625
-103.177   11656.3
-103.8   11687.5
-103.936   11718.8
-103.512   11750
-103.383   11781.3
-103.477   11812.5
-103.359   11843.8
-103.154   11875
-103.377   11906.3
-103.683   11937.5
-103.636   11968.8
-103.43   12000
-103.048   12031.3
-103.083   12062.5
-103.436   12093.8
-103.354   12125
-103.06   12156.3
-102.977   12187.5
-103.189   12218.8
-103.183   12250
-102.96   12281.3
-102.871   12312.5
-103.354   12343.8
-103.524   12375
-103.377   12406.3
-102.96   12437.5
-102.813   12468.8
