%03/12/2016 11:03 AM

-60.2333   0
-63.4141   250
-73.1917   500
-86.5911   750
-89.8307   1000
-90.3422   1250
-90.7126   1500
-90.3892   1750
-90.3951   2000
-90.207   2250
-89.4956   2500
-88.7783   2750
-88.6195   3000
-88.302   3250
-87.4671   3500
-86.597   3750
-86.1795   4000
-86.0561   4250
-85.9796   4500
-85.9914   4750
-86.2442   5000
-86.2971   5250
-86.2324   5500
-86.1736   5750
-86.1913   6000
-85.8268   6250
-85.4975   6500
-85.5269   6750
-85.7621   7000
-86.0325   7250
-85.8268   7500
-85.5975   7750
-85.4387   8000
-85.0389   8250
-84.6097   8500
-84.4804   8750
-84.7097   9000
-84.8214   9250
-84.6391   9500
-84.3451   9750
-84.304   10000
-84.0276   10250
-83.7513   10500
-83.5984   10750
-83.1986   11000
-82.8988   11250
-83.2515   11500
-83.569   11750
-83.3515   12000
-82.7871   12250
-82.8576   12500
-82.7341   12750
-82.0286   13000
-81.958   13250
-82.0404   13500
-82.0051   13750
-81.7052   14000
-82.0815   14250
-82.5342   14500
-82.5225   14750
-82.2109   15000
-81.7405   15250
-81.2525   15500
-80.9585   15750
-81.2584   16000
-81.5641   16250
-81.2878   16500
-80.9233   16750
-80.9762   17000
-81.5288   17250
-81.57   17500
-81.035   17750
-80.6234   18000
-80.788   18250
-80.7704   18500
-80.5235   18750
-80.3647   19000
-80.2942   19250
-80.2589   19500
-79.9061   19750
-79.7238   20000
-79.7297   20250
-79.7591   20500
-79.9531   20750
-79.7297   21000
-79.3005   21250
-79.2711   21500
-79.0418   21750
-78.9066   22000
-78.7537   22250
-78.9771   22500
-79.0065   22750
-78.5891   23000
-78.6538   23250
-78.4715   23500
-78.2481   23750
-78.6538   24000
-78.6538   24250
-78.3657   24500
-78.4127   24750
-78.4127   25000
-78.4774   25250
-78.3304   25500
-78.2598   25750
-78.4833   26000
-78.4539   26250
-78.2775   26500
-78.4245   26750
-78.6361   27000
-78.6185   27250
-78.5303   27500
-78.0188   27750
-77.7013   28000
-77.7836   28250
-77.8894   28500
-78.1246   28750
-78.4539   29000
-78.3069   29250
-77.6131   29500
-77.3309   29750
-77.7189   30000
-77.6954   30250
-77.2897   30500
-77.3897   30750
-77.6249   31000
-77.425   31250
-77.1898   31500
-77.2015   31750
-77.5896   32000
-78.007   32250
-78.3598   32500
-77.7366   32750
-77.472   33000
-77.2603   33250
-76.837   33500
-76.9722   33750
-77.0546   34000
-77.3956   34250
-77.4896   34500
-77.4367   34750
-77.6307   35000
-77.4426   35250
-77.4132   35500
-77.6484   35750
-77.4073   36000
-77.3779   36250
-77.131   36500
-77.0722   36750
-76.937   37000
-77.0075   37250
-77.1663   37500
-76.396   37750
-76.0433   38000
-76.5783   38250
-76.6312   38500
-76.5783   38750
-76.4901   39000
-76.7077   39250
-76.8017   39500
-76.3902   39750
-76.2785   40000
-76.3667   40250
-76.6841   40500
-77.031   40750
-77.1427   41000
-77.0075   41250
-76.6547   41500
-76.7371   41750
-77.0193   42000
-76.9428   42250
-76.8899   42500
-76.7665   42750
-76.7077   43000
-76.7723   43250
-76.5724   43500
-76.5548   43750
-76.8429   44000
-76.449   44250
-76.5019   44500
-76.8429   44750
-76.3667   45000
-76.1726   45250
-76.4078   45500
-76.6783   45750
-76.6254   46000
-76.6254   46250
-76.7135   46500
-76.9605   46750
-77.178   47000
-76.69   47250
-76.1197   47500
-76.2961   47750
-76.8135   48000
-76.6606   48250
-76.4901   48500
-76.596   48750
-76.9428   49000
-76.7253   49250
-76.5607   49500
-76.5136   49750
-76.4725   50000
-76.2961   50250
-76.302   50500
-76.69   50750
-76.7723   51000
-76.7782   51250
-77.0487   51500
-77.1192   51750
-76.9134   52000
-76.6489   52250
-76.79   52500
-76.7253   52750
-76.6841   53000
-76.643   53250
-76.3784   53500
-76.4725   53750
-76.6136   54000
-76.449   54250
-76.4019   54500
-76.5078   54750
-76.2491   55000
-76.4431   55250
-76.5783   55500
-76.2785   55750
-76.2255   56000
-76.5136   56250
-76.8958   56500
-76.9311   56750
-76.2491   57000
-76.1726   57250
-76.2079   57500
-76.1138   57750
-76.5901   58000
-76.3079   58250
-76.0315   58500
-76.5019   58750
-76.8547   59000
-76.449   59250
-76.6606   59500
-76.8782   59750
-76.984   60000
-76.6959   60250
-76.2255   60500
-76.1374   60750
-76.1667   61000
-76.4725   61250
-76.5724   61500
-76.4666   61750
-76.7135   62000
-77.1369   62250
-76.9722   62500
-76.5607   62750
-76.2373   63000
-76.1491   63250
-76.496   63500
-76.8547   63750
-76.8664   64000
-76.8899   64250
-76.3608   64500
-75.861   64750
-76.1432   65000
-76.496   65250
-76.5901   65500
-76.9017   65750
-77.0781   66000
-76.8782   66250
-76.3784   66500
-76.7488   66750
-77.1133   67000
-76.9664   67250
-77.2251   67500
-77.4485   67750
-76.8958   68000
-76.8899   68250
-76.9781   68500
-76.3255   68750
-76.155   69000
-76.6018   69250
-76.7782   69500
-76.6724   69750
-76.79   70000
-77.0604   70250
-76.6724   70500
-76.543   70750
-77.0252   71000
-76.9428   71250
-76.6195   71500
-76.7429   71750
-77.0781   72000
-77.084   72250
-77.1663   72500
-77.1427   72750
-77.2368   73000
-77.2662   73250
-77.0546   73500
-76.6547   73750
-76.3902   74000
-76.3431   74250
-76.7959   74500
-76.7665   74750
-76.7018   75000
-77.1957   75250
-77.4602   75500
-77.6072   75750
-77.7836   76000
-77.7542   76250
-77.5132   76500
-77.1839   76750
-77.1133   77000
-77.5425   77250
-77.7483   77500
-77.4779   77750
-77.766   78000
-78.0893   78250
-77.9071   78500
-78.0188   78750
-77.8953   79000
-77.3603   79250
-77.0252   79500
-77.0957   79750
-77.1898   80000
-77.3544   80250
-77.5484   80500
-77.6307   80750
-77.5308   81000
-77.3838   81250
-77.3309   81500
-77.3662   81750
-77.4838   82000
-77.5367   82250
-77.4191   82500
-77.2897   82750
-77.2251   83000
-77.0722   83250
-76.8547   83500
-77.2251   83750
-77.7366   84000
-77.3544   84250
-77.1427   84500
-77.2545   84750
-77.5602   85000
-78.0658   85250
-78.1717   85500
-78.0364   85750
-77.7483   86000
-77.9012   86250
-78.3128   86500
-78.007   86750
-77.9424   87000
-77.8894   87250
-77.5602   87500
-77.6719   87750
-77.7719   88000
-77.6131   88250
-77.5249   88500
-77.325   88750
-77.1957   89000
-77.5132   89250
-77.9365   89500
-78.0188   89750
-77.9306   90000
-77.8777   90250
-78.1658   90500
-78.2892   90750
-78.0835   91000
-78.0893   91250
-78.3245   91500
-78.3539   91750
-78.5127   92000
-78.5185   92250
-78.1658   92500
-77.8836   92750
-78.0129   93000
-78.3069   93250
-78.2305   93500
-77.7836   93750
-78.0188   94000
-78.3598   94250
-78.1893   94500
-78.0952   94750
-77.9835   95000
-78.1423   95250
-78.0305   95500
-77.96   95750
-78.3245   96000
-78.5303   96250
-78.3833   96500
-78.0364   96750
-77.8659   97000
-77.6425   97250
-77.7131   97500
-77.8012   97750
-77.7895   98000
-77.7895   98250
-77.4955   98500
-77.2251   98750
-77.6425   99000
-77.86   99250
-77.7307   99500
-77.913   99750
