%03/12/2016 11:13 AM

-50.1382   0
-53.4719   31.25
-64.1432   62.5
-79.7356   93.75
-81.2408   125
-83.0046   156.25
-83.7572   187.5
-83.7983   218.75
-84.2863   250
-84.9684   281.25
-84.5098   312.5
-84.4098   343.75
-84.7273   375
-84.5803   406.25
-83.9277   437.5
-84.2804   468.75
-84.8802   500
-85.2271   531.25
-85.0683   562.5
-84.6273   593.75
-84.6567   625
-85.0154   656.25
-84.6038   687.5
-83.6807   718.75
-84.204   750
-84.9272   781.25
-85.1153   812.5
-84.9801   843.75
-84.986   875
-85.2858   906.25
-85.7033   937.5
-85.8562   968.75
-85.8326   1000
-86.0208   1031.25
-86.0561   1062.5
-86.0678   1093.75
-86.4676   1125
-86.5264   1156.25
-86.6499   1187.5
-87.1085   1218.75
-87.2966   1250
-87.1085   1281.25
-87.1144   1312.5
-87.179   1343.75
-86.8909   1375
-86.9439   1406.25
-87.1555   1437.5
-86.6381   1468.75
-86.3383   1500
-86.3912   1531.25
-86.6675   1562.5
-87.0967   1593.75
-87.3672   1625
-87.0673   1656.25
-86.8439   1687.5
-86.7557   1718.75
-86.7792   1750
-86.8792   1781.25
-86.9262   1812.5
-87.2143   1843.75
-87.6906   1875
-87.961   1906.25
-88.2903   1937.5
-87.9551   1968.75
-87.6376   2000
-87.9022   2031.25
-88.1315   2062.5
-88.2961   2093.75
-87.8846   2125
-87.1849   2156.25
-87.0262   2187.5
-87.2143   2218.75
-87.2437   2250
-87.1732   2281.25
-87.085   2312.5
-87.1496   2343.75
-86.9145   2375
-87.0379   2406.25
-87.4495   2437.5
-87.6082   2468.75
-87.2496   2500
-87.1144   2531.25
-87.2966   2562.5
-86.6028   2593.75
-86.109   2625
-86.4029   2656.25
-86.9086   2687.5
-87.1202   2718.75
-86.8615   2750
-86.8557   2781.25
-86.7087   2812.5
-86.1384   2843.75
-85.9855   2875
-86.3089   2906.25
-86.5617   2937.5
-86.4382   2968.75
-86.1972   3000
-86.1266   3031.25
-86.4676   3062.5
-86.5499   3093.75
-86.5029   3125
-86.0796   3156.25
-85.6856   3187.5
-85.9326   3218.75
-85.9914   3250
-85.7974   3281.25
-85.7268   3312.5
-85.3446   3343.75
-85.0859   3375
-85.3035   3406.25
-85.4211   3437.5
-84.8802   3468.75
-84.4274   3500
-84.839   3531.25
-85.0801   3562.5
-85.1859   3593.75
-84.6861   3625
-84.5098   3656.25
-84.7508   3687.5
-84.3098   3718.75
-84.2452   3750
-84.3098   3781.25
-84.1981   3812.5
-84.1923   3843.75
-84.3745   3875
-84.398   3906.25
-84.4804   3937.5
-84.3392   3968.75
-84.0923   4000
-83.9924   4031.25
-83.8042   4062.5
-83.6984   4093.75
-84.1041   4125
-84.7332   4156.25
-84.692   4187.5
-84.3863   4218.75
-84.7155   4250
-84.9389   4281.25
-84.7684   4312.5
-84.986   4343.75
-84.7214   4375
-84.4862   4406.25
-84.6273   4437.5
-85.1389   4468.75
-85.3505   4500
-85.3152   4531.25
-85.5504   4562.5
-85.7974   4593.75
-85.6915   4625
-85.8856   4656.25
-86.3442   4687.5
-86.5441   4718.75
-85.8973   4750
-85.5622   4781.25
-85.9032   4812.5
-86.303   4843.75
-86.203   4875
-85.668   4906.25
-85.8209   4937.5
-86.3442   4968.75
-86.5147   5000
-86.8851   5031.25
-87.1261   5062.5
-86.9027   5093.75
-86.9086   5125
-86.9203   5156.25
-87.085   5187.5
-87.6141   5218.75
-87.9434   5250
-87.667   5281.25
-87.2437   5312.5
-87.5318   5343.75
-87.8493   5375
-87.8669   5406.25
-88.0845   5437.5
-88.449   5468.75
-88.6783   5500
-88.9429   5531.25
-88.9723   5562.5
-88.6313   5593.75
-88.5313   5625
-88.7489   5656.25
-89.0193   5687.5
-89.2192   5718.75
-89.231   5750
-89.6837   5781.25
-90.0365   5812.5
-89.8601   5843.75
-90.1305   5875
-89.96   5906.25
-89.6014   5937.5
-89.8542   5968.75
-90.4069   6000
-90.5597   6031.25
-89.96   6062.5
-89.9836   6093.75
-90.3481   6125
-89.8836   6156.25
-90.0071   6187.5
-90.7185   6218.75
-90.9184   6250
-90.9478   6281.25
-90.9478   6312.5
-91.2653   6343.75
-91.2888   6375
-91.1771   6406.25
-91.424   6437.5
-91.4711   6468.75
-91.33   6500
-91.4593   6531.25
-91.6768   6562.5
-91.7533   6593.75
-91.6239   6625
-91.9238   6656.25
-92.012   6687.5
-91.524   6718.75
-91.671   6750
-92.2707   6781.25
-92.6411   6812.5
-92.5294   6843.75
-92.2119   6875
-92.2883   6906.25
-92.0708   6937.5
-91.8885   6968.75
-92.1061   7000
-92.5353   7031.25
-92.6587   7062.5
-93.0703   7093.75
-93.4172   7125
-93.0703   7156.25
-92.8175   7187.5
-92.6234   7218.75
-92.7175   7250
-92.9997   7281.25
-93.1938   7312.5
-93.2526   7343.75
-93.2996   7375
-93.3643   7406.25
-93.3525   7437.5
-93.1996   7468.75
-93.3113   7500
-93.4407   7531.25
-93.1938   7562.5
-93.0115   7593.75
-93.3407   7625
-93.623   7656.25
-93.6347   7687.5
-93.7112   7718.75
-93.8523   7750
-94.1286   7781.25
-94.3579   7812.5
-94.2285   7843.75
-94.1286   7875
-94.1345   7906.25
-94.0404   7937.5
-94.1345   7968.75
-94.2521   8000
-94.6813   8031.25
-94.7989   8062.5
-93.9934   8093.75
-94.0286   8125
-94.5166   8156.25
-94.5696   8187.5
-94.5813   8218.75
-94.3226   8250
-94.3167   8281.25
-94.6871   8312.5
-94.3638   8343.75
-93.964   8375
-94.2109   8406.25
-94.8047   8437.5
-95.0223   8468.75
-94.8106   8500
-94.4461   8531.25
-94.4579   8562.5
-94.8577   8593.75
-95.2516   8625
-95.2163   8656.25
-94.8577   8687.5
-94.7989   8718.75
-94.8988   8750
-95.0282   8781.25
-95.1046   8812.5
-94.6578   8843.75
-94.4108   8875
-94.5284   8906.25
-94.4285   8937.5
-94.352   8968.75
-94.7577   9000
-95.3221   9031.25
-95.4456   9062.5
-95.2163   9093.75
-94.94   9125
-95.1869   9156.25
-95.375   9187.5
-95.0399   9218.75
-94.8753   9250
-95.769   9281.25
-96.0865   9312.5
-94.8988   9343.75
-94.7048   9375
-94.9106   9406.25
-95.1458   9437.5
-95.7043   9468.75
-95.5632   9500
-95.0105   9531.25
-94.7812   9562.5
-95.1281   9593.75
-95.428   9625
-95.5985   9656.25
-95.5456   9687.5
-95.7807   9718.75
-96.2158   9750
-96.4334   9781.25
-96.4804   9812.5
-95.8278   9843.75
-95.2398   9875
-95.2222   9906.25
-95.5514   9937.5
-95.575   9968.75
-95.6631   10000
-95.9571   10031.3
-96.0571   10062.5
-95.963   10093.8
-95.863   10125
-95.7631   10156.3
-95.5691   10187.5
-95.7102   10218.8
-95.7396   10250
-95.6984   10281.3
-95.5691   10312.5
-95.2927   10343.8
-95.4691   10375
-96.0042   10406.3
-96.3393   10437.5
-96.2511   10468.8
-95.8043   10500
-95.5985   10531.3
-95.5338   10562.5
-95.0987   10593.8
-94.987   10625
-95.5632   10656.3
-96.2041   10687.5
-96.451   10718.8
-96.404   10750
-96.5157   10781.3
-96.4569   10812.5
-95.9336   10843.8
-95.769   10875
-96.0982   10906.3
-96.2687   10937.5
-96.2923   10968.8
-96.2864   11000
-95.9218   11031.3
-96.1805   11062.5
-96.6921   11093.8
-96.7567   11125
-96.5803   11156.3
-96.5921   11187.5
-96.404   11218.8
-96.5921   11250
-96.8449   11281.3
-96.745   11312.5
-96.4334   11343.8
-96.0982   11375
-96.5745   11406.3
-96.9566   11437.5
-96.645   11468.8
-96.5627   11500
-96.645   11531.3
-96.451   11562.5
-96.3275   11593.8
-96.3452   11625
-96.3981   11656.3
-96.4922   11687.5
-96.4451   11718.8
-96.5216   11750
-96.4863   11781.3
-96.5921   11812.5
-96.4157   11843.8
-96.5451   11875
-96.7803   11906.3
-96.6921   11937.5
-96.6274   11968.8
-96.6803   12000
-96.9978   12031.3
-97.0448   12062.5
-97.0507   12093.8
-97.4094   12125
-97.4623   12156.3
-97.427   12187.5
-97.3212   12218.8
-97.0037   12250
-97.0977   12281.3
-97.1977   12312.5
-97.3917   12343.8
-97.5505   12375
-97.28   12406.3
-97.2212   12437.5
-97.327   12468.8
