%03/12/2016 11:13 AM

-45.0995   0
-48.4038   250
-58.834   500
-71.9159   750
-74.4617   1000
-76.2197   1250
-77.0546   1500
-77.2486   1750
-77.2133   2000
-77.0898   2250
-77.0134   2500
-76.9664   2750
-76.6841   3000
-75.8199   3250
-74.7145   3500
-74.2383   3750
-74.544   4000
-75.1084   4250
-75.4671   4500
-76.0962   4750
-77.1075   5000
-77.9188   5250
-78.9536   5500
-79.9414   5750
-80.4823   6000
-80.888   6250
-81.8581   6500
-82.6342   6750
-82.7694   7000
-83.1633   7250
-83.7101   7500
-83.9982   7750
-84.2511   8000
-84.4686   8250
-84.2511   8500
-84.451   8750
-84.9919   9000
-85.6915   9250
-86.2912   9500
-85.9796   9750
-85.6915   10000
-85.8444   10250
-86.0149   10500
-86.2971   10750
-86.4735   11000
-86.3853   11250
-86.7028   11500
-87.0673   11750
-87.0438   12000
-86.9027   12250
-87.279   12500
-88.0904   12750
-89.0193   13000
-89.5544   13250
-89.6837   13500
-90.2423   13750
-91.0536   14000
-91.8062   14250
-92.4353   14500
-92.9468   14750
-92.7881   15000
-91.9591   15250
-91.9473   15500
-92.4471   15750
-92.988   16000
-93.3937   16250
-93.523   16500
-93.623   16750
-94.0639   17000
-94.3638   17250
-93.8758   17500
-93.4642   17750
-93.3584   18000
-94.011   18250
-94.7871   18500
-94.7224   18750
-94.5166   19000
-94.6989   19250
-94.9694   19500
-95.0634   19750
-95.2986   20000
-95.8689   20250
-95.6984   20500
-95.2692   20750
-95.2457   21000
-95.1987   21250
-95.2222   21500
-95.6867   21750
-95.8337   22000
-95.9042   22250
-96.063   22500
-95.669   22750
-95.3457   23000
-95.5162   23250
-95.9924   23500
-96.1511   23750
-96.2511   24000
-96.4216   24250
-96.4628   24500
-96.2746   24750
-96.3981   25000
-96.8449   25250
-96.6921   25500
-96.257   25750
-96.2864   26000
-96.451   26250
-96.6156   26500
-97.0272   26750
-97.233   27000
-96.8802   27250
-96.4451   27500
-96.1805   27750
-96.5745   28000
-96.939   28250
-97.1859   28500
-97.2271   28750
-96.8861   29000
-96.8684   29250
-97.0389   29500
-96.9214   29750
-96.645   30000
-96.9331   30250
-97.4682   30500
-97.2859   30750
-97.233   31000
-97.1918   31250
-97.0625   31500
-96.9096   31750
-97.2506   32000
-97.38   32250
-97.2212   32500
-97.2506   32750
-96.9684   33000
-96.8273   33250
-97.0448   33500
-97.0801   33750
-96.9919   34000
-97.1565   34250
-97.3094   34500
-97.3329   34750
-96.9919   35000
-96.9272   35250
-97.133   35500
-96.9272   35750
-96.645   36000
-96.7509   36250
-96.645   36500
-96.5862   36750
-96.9566   37000
-97.2565   37250
-97.3094   37500
-97.1036   37750
-96.304   38000
-95.6867   38250
-95.2692   38500
-94.9635   38750
-95.4397   39000
-95.8454   39250
-95.1634   39500
-94.7636   39750
-94.5049   40000
-94.1756   40250
-93.5289   40500
-92.8234   40750
-92.7116   41000
-92.8234   41250
-92.7469   41500
-92.3883   41750
-91.6298   42000
-91.2653   42250
-91.2124   42500
-91.1653   42750
-90.7655   43000
-90.1776   43250
-89.6896   43500
-89.1134   43750
-88.6959   44000
-88.1609   44250
-87.8434   44500
-87.8846   44750
-87.7611   45000
-87.5847   45250
-87.8493   45500
-88.4137   45750
-89.0017   46000
-89.1781   46250
-89.6308   46500
-90.0776   46750
-90.5656   47000
-91.0419   47250
-91.1595   47500
-91.6004   47750
-92.3177   48000
-92.9351   48250
-93.3995   48500
-94.0228   48750
-94.5872   49000
-94.84   49250
-95.0928   49500
-95.2986   49750
-95.863   50000
-96.4804   50250
-96.792   50500
-96.8567   50750
-96.892   51000
-97.1683   51250
-97.4799   51500
-97.9385   51750
-98.5323   52000
-98.6382   52250
-98.5088   52500
-98.2736   52750
-98.6558   53000
-99.1967   53250
-99.5495   53500
-99.6259   53750
-99.379   54000
-99.0027   54250
-99.0439   54500
-99.3613   54750
-99.4907   55000
-99.8787   55250
-100.32   55500
-100.161   55750
-100.037   56000
-99.7964   56250
-99.8258   56500
-100.026   56750
-100.343   57000
-100.085   57250
-99.9375   57500
-100.279   57750
-100.232   58000
-100.032   58250
-100.184   58500
-100.249   58750
-100.473   59000
-100.508   59250
-100.308   59500
-99.9787   59750
-99.5319   60000
-99.5025   60250
-99.5025   60500
-99.1732   60750
-99.2438   61000
-99.7024   61250
-99.8317   61500
-99.6671   61750
-99.673   62000
-99.8141   62250
-100.049   62500
-100.261   62750
-100.273   63000
-100.29   63250
-100.261   63500
-100.214   63750
-99.7376   64000
-99.9493   64250
-100.273   64500
-99.9846   64750
-99.9611   65000
-99.7612   65250
-99.4554   65500
-99.5612   65750
-99.6142   66000
-99.2379   66250
-99.1438   66500
-99.3966   66750
-99.2144   67000
-99.0909   67250
-99.0732   67500
-98.4794   67750
-98.0855   68000
-98.4559   68250
-98.8792   68500
-98.9851   68750
-98.5029   69000
-98.2736   69250
-98.3912   69500
-98.1796   69750
-97.9914   70000
-97.5975   70250
-97.1095   70500
-97.2741   70750
-97.8327   71000
-97.8797   71250
-98.0267   71500
-97.8562   71750
-97.4799   72000
-97.0566   72250
-97.1213   72500
-97.4152   72750
-97.5093   73000
-97.2918   73250
-97.28   73500
-97.3682   73750
-97.5916   74000
-97.28   74250
-96.8273   74500
-96.7803   74750
-97.1565   75000
-97.7504   75250
-97.8915   75500
-97.9679   75750
-98.1972   76000
-98.2972   76250
-98.6911   76500
-99.0732   76750
-98.9851   77000
-98.9851   77250
-98.9674   77500
-98.9674   77750
-99.1203   78000
-99.132   78250
-98.7558   78500
-98.9263   78750
-99.5201   79000
-99.3966   79250
-99.4731   79500
-99.7906   79750
-100.243   80000
-100.314   80250
-100.073   80500
-100.631   80750
-100.884   81000
-100.614   81250
-100.378   81500
-100.631   81750
-100.878   82000
-100.931   82250
-100.602   82500
-100.279   82750
-100.625   83000
-100.702   83250
-100.531   83500
-100.29   83750
-100.273   84000
-100.567   84250
-100.478   84500
-100.29   84750
-100.614   85000
-100.784   85250
-100.796   85500
-100.743   85750
-100.42   86000
-100.167   86250
-100.296   86500
-100.326   86750
-100.273   87000
-100.59   87250
-100.584   87500
-100.62   87750
-100.696   88000
-100.196   88250
-99.6847   88500
-99.7847   88750
-100.149   89000
-100.314   89250
-99.9611   89500
-99.9552   89750
-100.22   90000
-100.625   90250
-100.508   90500
-100.002   90750
-100.208   91000
-100.667   91250
-100.373   91500
-100.314   91750
-100.696   92000
-100.655   92250
-100.426   92500
-100.384   92750
-100.561   93000
-100.302   93250
-100.32   93500
-100.684   93750
-100.861   94000
-100.955   94250
-101.237   94500
-101.566   94750
-101.637   95000
-101.76   95250
-102.019   95500
-101.848   95750
-101.525   96000
-101.396   96250
-101.825   96500
-101.79   96750
-101.613   97000
-101.501   97250
-101.531   97500
-101.596   97750
-101.572   98000
-101.837   98250
-102.231   98500
-102.542   98750
-102.595   99000
-102.372   99250
-102.46   99500
-102.319   99750
