%03/12/2016 11:18 AM

-49.3504   0
-52.6841   31.25
-63.3789   62.5
-83.0046   93.75
-86.1913   125
-77.8306   156.25
-76.1197   187.5
-81.0879   218.75
-87.5259   250
-81.3289   281.25
-80.694   312.5
-86.644   343.75
-97.0331   375
-97.1977   406.25
-97.327   437.5
-99.7964   468.75
-100.343   500
-99.7906   531.25
-99.8258   562.5
-99.7906   593.75
-97.1565   625
-94.7577   656.25
-96.3334   687.5
-99.1614   718.75
-98.5382   750
-97.5152   781.25
-98.6617   812.5
-99.7494   843.75
-99.2261   875
-99.0439   906.25
-99.7376   937.5
-99.673   968.75
-98.7205   1000
-98.6676   1031.25
-99.9317   1062.5
-100.008   1093.75
-98.891   1125
-98.6264   1156.25
-99.1614   1187.5
-99.1026   1218.75
-98.4147   1250
-98.9557   1281.25
-99.9905   1312.5
-99.5554   1343.75
-98.3853   1375
-98.8616   1406.25
-99.9375   1437.5
-100.402   1468.75
-100.396   1500
-100.508   1531.25
-100.226   1562.5
-99.038   1593.75
-98.6676   1625
-99.7906   1656.25
-100.179   1687.5
-99.3496   1718.75
-99.3731   1750
-99.9317   1781.25
-99.8846   1812.5
-99.7141   1843.75
-99.7612   1875
-100.079   1906.25
-100.184   1937.5
-99.6906   1968.75
-99.4672   2000
-99.5906   2031.25
-99.6906   2062.5
-99.4495   2093.75
-99.0439   2125
-99.1144   2156.25
-99.2438   2187.5
-98.8616   2218.75
-98.8792   2250
-99.232   2281.25
-99.132   2312.5
-99.0909   2343.75
-99.3849   2375
-98.9204   2406.25
-98.1678   2437.5
-98.0267   2468.75
-98.3736   2500
-98.2384   2531.25
-98.0326   2562.5
-98.0032   2593.75
-98.3736   2625
-98.791   2656.25
-98.6499   2687.5
-98.2913   2718.75
-98.0796   2750
-98.0267   2781.25
-97.7386   2812.5
-97.4682   2843.75
-97.28   2875
-97.2095   2906.25
-97.4094   2937.5
-97.9268   2968.75
-98.0855   3000
-97.6622   3031.25
-97.2271   3062.5
-97.2506   3093.75
-97.5034   3125
-97.4211   3156.25
-97.2624   3187.5
-97.2624   3218.75
-97.327   3250
-97.3447   3281.25
-97.0389   3312.5
-96.6274   3343.75
-96.6862   3375
-96.6274   3406.25
-96.3628   3437.5
-96.3216   3468.75
-96.3628   3500
-96.0747   3531.25
-95.916   3562.5
-95.9806   3593.75
-95.8689   3625
-95.5397   3656.25
-95.4515   3687.5
-95.7631   3718.75
-95.6984   3750
-95.5573   3781.25
-95.7925   3812.5
-95.5867   3843.75
-95.2869   3875
-95.0811   3906.25
-95.1928   3937.5
-95.0693   3968.75
-94.8047   4000
-94.8929   4031.25
-95.0987   4062.5
-94.8635   4093.75
-94.7753   4125
-94.8694   4156.25
-94.7636   4187.5
-94.3991   4218.75
-94.1286   4250
-94.2756   4281.25
-94.6813   4312.5
-94.4872   4343.75
-94.0757   4375
-94.1815   4406.25
-94.5519   4437.5
-95.0811   4468.75
-95.1458   4500
-95.2575   4531.25
-95.0987   4562.5
-94.7636   4593.75
-94.5519   4625
-94.3932   4656.25
-94.3226   4687.5
-94.6578   4718.75
-95.1222   4750
-95.375   4781.25
-95.2575   4812.5
-95.1281   4843.75
-94.9106   4875
-94.94   4906.25
-95.4044   4937.5
-95.3045   4968.75
-94.8341   5000
-95.134   5031.25
-95.2751   5062.5
-95.0223   5093.75
-95.0928   5125
-95.0223   5156.25
-94.7224   5187.5
-95.0458   5218.75
-95.5691   5250
-95.8219   5281.25
-95.5691   5312.5
-95.3633   5343.75
-95.5573   5375
-95.3045   5406.25
-94.8224   5437.5
-95.1751   5468.75
-95.4221   5500
-95.3515   5531.25
-95.3515   5562.5
-95.2633   5593.75
-94.8694   5625
-94.8753   5656.25
-94.9106   5687.5
-94.7871   5718.75
-94.8341   5750
-95.0576   5781.25
-95.0987   5812.5
-95.0752   5843.75
-95.3868   5875
-95.8983   5906.25
-95.6984   5937.5
-95.1693   5968.75
-95.1751   6000
-95.428   6031.25
-94.9635   6062.5
-94.8929   6093.75
-95.4926   6125
-95.9277   6156.25
-95.9101   6187.5
-95.2398   6218.75
-94.9811   6250
-95.522   6281.25
-95.6044   6312.5
-95.3574   6343.75
-95.0811   6375
-95.0987   6406.25
-95.375   6437.5
-95.3986   6468.75
-95.4338   6500
-95.6396   6531.25
-95.5514   6562.5
-95.2398   6593.75
-95.1987   6625
-95.6102   6656.25
-95.5691   6687.5
-95.0928   6718.75
-94.6578   6750
-94.5519   6781.25
-94.5813   6812.5
-94.9106   6843.75
-95.575   6875
-95.3809   6906.25
-95.2692   6937.5
-95.4221   6968.75
-95.3163   7000
-95.281   7031.25
-95.3515   7062.5
-95.281   7093.75
-95.2222   7125
-95.0399   7156.25
-94.8988   7187.5
-95.0576   7218.75
-95.3398   7250
-95.1164   7281.25
-94.9223   7312.5
-95.134   7343.75
-95.0811   7375
-94.8459   7406.25
-94.6989   7437.5
-94.6695   7468.75
-94.6695   7500
-94.5637   7531.25
-94.5637   7562.5
-94.6989   7593.75
-94.6578   7625
-94.5696   7656.25
-94.6754   7687.5
-94.8694   7718.75
-94.6754   7750
-94.1756   7781.25
-94.3344   7812.5
-94.5108   7843.75
-94.2579   7875
-94.3932   7906.25
-94.5637   7937.5
-94.6578   7968.75
-94.5519   8000
-94.6225   8031.25
-94.4931   8062.5
-94.2756   8093.75
-94.2227   8125
-94.4167   8156.25
-94.9047   8187.5
-94.9988   8218.75
-94.1286   8250
-93.7112   8281.25
-93.7758   8312.5
-94.0345   8343.75
-93.9581   8375
-94.1874   8406.25
-94.2991   8437.5
-94.1462   8468.75
-93.8405   8500
-93.5818   8531.25
-93.5113   8562.5
-93.6347   8593.75
-93.7758   8625
-93.7582   8656.25
-93.7582   8687.5
-94.1168   8718.75
-94.5872   8750
-94.6107   8781.25
-94.2285   8812.5
-93.9934   8843.75
-94.0051   8875
-93.6935   8906.25
-93.8111   8937.5
-94.2227   8968.75
-94.1521   9000
-93.9992   9031.25
-93.5348   9062.5
-93.035   9093.75
-93.1467   9125
-93.7347   9156.25
-94.0639   9187.5
-93.7817   9218.75
-93.6465   9250
-93.7347   9281.25
-93.6994   9312.5
-93.717   9343.75
-93.5642   9375
-93.5759   9406.25
-93.6582   9437.5
-93.1879   9468.75
-92.888   9500
-93.1408   9531.25
-93.7347   9562.5
-93.7112   9593.75
-93.4877   9625
-93.5583   9656.25
-93.5524   9687.5
-93.5113   9718.75
-93.7582   9750
-93.5818   9781.25
-93.4172   9812.5
-93.4466   9843.75
-93.1761   9875
-92.8939   9906.25
-93.182   9937.5
-93.3525   9968.75
-93.3055   10000
-93.2526   10031.3
-93.1114   10062.5
-93.3525   10093.8
-93.2761   10125
-93.2584   10156.3
-93.376   10187.5
-93.3701   10218.8
-93.1761   10250
-92.9057   10281.3
-92.9233   10312.5
-93.0703   10343.8
-93.0821   10375
-93.135   10406.3
-93.3643   10437.5
-93.4172   10468.8
-93.0762   10500
-92.8234   10531.3
-92.8057   10562.5
-92.9527   10593.8
-93.0879   10625
-92.8469   10656.3
-92.7822   10687.5
-92.6646   10718.8
-92.6528   10750
-92.9645   10781.3
-92.5823   10812.5
-92.2589   10843.8
-92.5588   10875
-92.6822   10906.3
-92.5882   10937.5
-92.6176   10968.8
-92.4294   11000
-92.5235   11031.3
-92.9997   11062.5
-93.2232   11093.8
-93.1644   11125
-93.0056   11156.3
-92.9821   11187.5
-92.7293   11218.8
-92.3883   11250
-92.2119   11281.3
-92.0884   11312.5
-92.3589   11343.8
-92.5823   11375
-92.7704   11406.3
-92.8175   11437.5
-92.6881   11468.8
-92.4059   11500
-91.9591   11531.3
-92.0531   11562.5
-92.1413   11593.8
-91.9885   11625
-92.0708   11656.3
-92.1355   11687.5
-92.206   11718.8
-91.8826   11750
-91.9179   11781.3
-92.3941   11812.5
-92.6587   11843.8
-92.4588   11875
-92.2648   11906.3
-92.4588   11937.5
-92.4059   11968.8
-92.3941   12000
-92.3118   12031.3
-92.3177   12062.5
-92.8292   12093.8
-92.6587   12125
-92.2236   12156.3
-92.1648   12187.5
-92.159   12218.8
-92.0237   12250
-91.9826   12281.3
-92.0943   12312.5
-92.1413   12343.8
-91.9532   12375
-91.6827   12406.3
-91.6945   12437.5
-92.4471   12468.8
