%03/12/2016 11:56 AM

-48.7918   0
-52.0902   250
-62.3735   500
-72.4568   750
-74.3324   1000
-77.1133   1250
-78.8478   1500
-79.0124   1750
-78.642   2000
-78.6185   2250
-78.2775   2500
-77.7483   2750
-77.278   3000
-77.1075   3250
-76.5136   3500
-75.6964   3750
-75.2672   4000
-75.2495   4250
-75.7082   4500
-76.4725   4750
-77.1133   5000
-78.2187   5250
-79.5416   5500
-80.0884   5750
-80.5881   6000
-81.2701   6250
-81.7699   6500
-82.4872   6750
-83.1222   7000
-83.475   7250
-83.9159   7500
-84.304   7750
-84.7684   8000
-85.1918   8250
-85.521   8500
-85.8856   8750
-86.1266   9000
-85.8856   9250
-85.7562   9500
-86.2442   9750
-86.4441   10000
-86.5029   10250
-86.6499   10500
-86.9203   10750
-87.232   11000
-87.326   11250
-87.6024   11500
-87.7552   11750
-87.9257   12000
-88.1903   12250
-88.5078   12500
-88.5842   12750
-89.231   13000
-90.2187   13250
-90.695   13500
-90.9066   13750
-91.0066   14000
-91.8238   14250
-92.8645   14500
-93.7229   14750
-93.6935   15000
-92.5411   15250
-92.4118   15500
-92.9645   15750
-93.3819   16000
-93.7347   16250
-94.1933   16500
-94.5696   16750
-95.0693   17000
-95.7161   17250
-95.816   17500
-95.6867   17750
-95.9395   18000
-96.2452   18250
-96.5333   18500
-96.0924   18750
-95.7984   19000
-96.3393   19250
-96.6685   19500
-96.3452   19750
-96.2335   20000
-96.939   20250
-97.2565   20500
-97.0566   20750
-96.5451   21000
-96.5274   21250
-96.7567   21500
-96.9625   21750
-97.5622   22000
-97.915   22250
-98.1443   22500
-98.0502   22750
-97.5681   23000
-97.4682   23250
-97.4682   23500
-97.5622   23750
-97.8209   24000
-98.0737   24250
-98.2795   24500
-98.4441   24750
-98.5617   25000
-98.3736   25250
-98.209   25500
-98.2325   25750
-97.9209   26000
-98.0502   26250
-98.4265   26500
-98.3442   26750
-98.6499   27000
-98.6088   27250
-98.256   27500
-98.2913   27750
-98.5147   28000
-98.791   28250
-99.1379   28500
-99.5848   28750
-99.2496   29000
-99.0968   29250
-99.1203   29500
-99.0732   29750
-98.9204   30000
-99.3202   30250
-99.7906   30500
-99.6142   30750
-99.1908   31000
-99.1085   31250
-99.185   31500
-98.9674   31750
-99.038   32000
-99.4907   32250
-99.7494   32500
-99.7141   32750
-99.8435   33000
-99.9199   33250
-99.6024   33500
-99.2379   33750
-99.3672   34000
-99.914   34250
-99.8729   34500
-100.002   34750
-100.037   35000
-99.8964   35250
-99.9493   35500
-100.008   35750
-100.308   36000
-100.367   36250
-100.537   36500
-100.549   36750
-100.279   37000
-100.037   37250
-100.032   37500
-100.29   37750
-100.408   38000
-100.602   38250
-100.308   38500
-98.8146   38750
-98.844   39000
-100.067   39250
-100.696   39500
-100.884   39750
-100.69   40000
-100.825   40250
-100.449   40500
-99.5848   40750
-99.8787   41000
-100.555   41250
-101.172   41500
-101.407   41750
-100.966   42000
-100.772   42250
-100.767   42500
-100.79   42750
-100.72   43000
-100.825   43250
-100.937   43500
-101.013   43750
-101.143   44000
-101.196   44250
-101.102   44500
-101.119   44750
-101.484   45000
-101.431   45250
-101.113   45500
-101.331   45750
-101.39   46000
-101.143   46250
-100.99   46500
-101.313   46750
-101.86   47000
-101.86   47250
-101.537   47500
-101.69   47750
-101.59   48000
-101.419   48250
-101.543   48500
-101.884   48750
-101.684   49000
-101.578   49250
-101.384   49500
-101.166   49750
-101.396   50000
-101.942   50250
-101.966   50500
-101.878   50750
-101.96   51000
-101.884   51250
-101.866   51500
-102.066   51750
-102.048   52000
-101.684   52250
-101.696   52500
-101.79   52750
-101.748   53000
-101.937   53250
-101.837   53500
-101.819   53750
-101.719   54000
-101.184   54250
-101.137   54500
-101.543   54750
-101.307   55000
-101.49   55250
-102.007   55500
-102.048   55750
-102.078   56000
-102.178   56250
-102.266   56500
-102.037   56750
-101.848   57000
-102.048   57250
-102.125   57500
-101.931   57750
-101.59   58000
-101.472   58250
-101.954   58500
-101.901   58750
-101.619   59000
-101.678   59250
-101.454   59500
-101.131   59750
-100.902   60000
-100.996   60250
-101.019   60500
-100.937   60750
-101.454   61000
-101.648   61250
-101.543   61500
-101.166   61750
-101.419   62000
-101.842   62250
-101.484   62500
-101.56   62750
-101.525   63000
-101.413   63250
-101.143   63500
-101.066   63750
-101.39   64000
-101.513   64250
-101.378   64500
-101.155   64750
-101.313   65000
-101.578   65250
-101.325   65500
-101.013   65750
-101.131   66000
-101.155   66250
-101.39   66500
-101.396   66750
-100.866   67000
-100.49   67250
-100.525   67500
-100.314   67750
-99.9493   68000
-100.402   68250
-100.461   68500
-99.9258   68750
-99.3613   69000
-99.1673   69250
-99.2849   69500
-99.2438   69750
-99.0439   70000
-99.0615   70250
-99.3378   70500
-99.1908   70750
-98.3442   71000
-97.7562   71250
-97.9268   71500
-98.0267   71750
-97.7621   72000
-97.7445   72250
-97.6504   72500
-97.5622   72750
-97.7386   73000
-97.8856   73250
-97.9679   73500
-97.9032   73750
-98.0973   74000
-98.2442   74250
-98.55   74500
-98.8146   74750
-98.8381   75000
-98.8322   75250
-98.7146   75500
-98.8733   75750
-99.0909   76000
-98.9909   76250
-99.3672   76500
-99.7729   76750
-99.6494   77000
-99.7494   77250
-100.143   77500
-100.431   77750
-100.59   78000
-100.866   78250
-101.013   78500
-101.331   78750
-101.36   79000
-101.043   79250
-101.29   79500
-101.554   79750
-101.778   80000
-101.701   80250
-101.772   80500
-101.937   80750
-101.96   81000
-102.266   81250
-102.683   81500
-102.748   81750
-102.378   82000
-102.46   82250
-102.572   82500
-102.683   82750
-103.13   83000
-103.759   83250
-103.889   83500
-103.783   83750
-103.695   84000
-103.883   84250
-104.241   84500
-104.382   84750
-104.183   85000
-104.1   85250
-104.412   85500
-104.553   85750
-103.847   86000
-103.695   86250
-104.147   86500
-104.5   86750
-104.3   87000
-104.194   87250
-104.171   87500
-104.382   87750
-104.641   88000
-104.424   88250
-104.247   88500
-104.388   88750
-104.629   89000
-104.953   89250
-104.912   89500
-104.618   89750
-104.776   90000
-104.853   90250
-104.382   90500
-104.212   90750
-104.524   91000
-104.641   91250
-104.688   91500
-104.8   91750
-104.77   92000
-104.912   92250
-105.176   92500
-104.865   92750
-104.612   93000
-104.688   93250
-104.794   93500
-104.965   93750
-105.217   94000
-105.411   94250
-105.264   94500
-104.965   94750
-104.477   95000
-104.6   95250
-105.282   95500
-105.441   95750
-105.452   96000
-105.411   96250
-105.4   96500
-105.306   96750
-105.276   97000
-105.411   97250
-105.846   97500
-105.929   97750
-106.005   98000
-105.905   98250
-105.552   98500
-105.893   98750
-106.152   99000
-106.105   99250
-105.676   99500
-105.652   99750
