%03/12/2016 11:52 AM

-48.786   0
-52.1255   31.25
-62.8673   62.5
-84.2922   93.75
-96.9625   125
-89.6896   156.25
-88.0492   187.5
-92.8527   218.75
-98.891   250
-93.1996   281.25
-92.4706   312.5
-97.4035   343.75
-103.013   375
-105   406.25
-105.288   437.5
-105.194   468.75
-104.4   500
-104   531.25
-103.336   562.5
-102.166   593.75
-100.937   625
-99.6965   656.25
-99.3026   687.5
-99.1556   718.75
-98.9851   750
-98.9086   781.25
-99.185   812.5
-99.4789   843.75
-99.4848   875
-99.2438   906.25
-99.6318   937.5
-100.284   968.75
-100.437   1000
-100.884   1031.25
-101.172   1062.5
-101.102   1093.75
-101.225   1125
-101.178   1156.25
-101.061   1187.5
-101.413   1218.75
-102.072   1250
-102.56   1281.25
-102.225   1312.5
-101.396   1343.75
-100.714   1375
-100.796   1406.25
-101.096   1437.5
-101.337   1468.75
-101.337   1500
-101.043   1531.25
-101.16   1562.5
-101.225   1593.75
-100.925   1625
-100.937   1656.25
-100.684   1687.5
-100.361   1718.75
-100.578   1750
-100.796   1781.25
-100.772   1812.5
-100.89   1843.75
-100.59   1875
-100.396   1906.25
-100.525   1937.5
-100.725   1968.75
-100.849   2000
-100.408   2031.25
-100.073   2062.5
-100.214   2093.75
-100.214   2125
-99.9905   2156.25
-99.7553   2187.5
-99.3966   2218.75
-99.5142   2250
-99.9434   2281.25
-99.7259   2312.5
-99.3849   2343.75
-99.3026   2375
-99.1732   2406.25
-99.1438   2437.5
-99.2438   2468.75
-99.2379   2500
-98.2795   2531.25
-97.6563   2562.5
-97.768   2593.75
-97.8444   2625
-97.5446   2656.25
-97.2741   2687.5
-97.5681   2718.75
-97.5328   2750
-97.2447   2781.25
-97.0389   2812.5
-96.7332   2843.75
-96.6274   2875
-96.4334   2906.25
-96.4922   2937.5
-96.4922   2968.75
-96.4863   3000
-96.5862   3031.25
-96.5392   3062.5
-96.2393   3093.75
-96.0453   3125
-95.7396   3156.25
-95.575   3187.5
-95.5691   3218.75
-95.0987   3250
-94.8518   3281.25
-94.7401   3312.5
-94.6989   3343.75
-94.7459   3375
-94.599   3406.25
-94.2815   3437.5
-94.0874   3468.75
-94.3638   3500
-94.0228   3531.25
-93.4642   3562.5
-93.3407   3593.75
-93.4231   3625
-93.6347   3656.25
-93.5406   3687.5
-93.1879   3718.75
-92.9586   3750
-92.6411   3781.25
-92.4118   3812.5
-92.4706   3843.75
-92.6176   3875
-92.4412   3906.25
-92.1178   3937.5
-91.9943   3968.75
-91.9297   4000
-92.0296   4031.25
-92.2001   4062.5
-92.2824   4093.75
-92.2119   4125
-91.8591   4156.25
-91.4828   4187.5
-91.5122   4218.75
-91.5534   4250
-91.9297   4281.25
-92.0002   4312.5
-91.5299   4343.75
-91.4534   4375
-91.7474   4406.25
-91.9943   4437.5
-91.8709   4468.75
-91.8415   4500
-91.9414   4531.25
-91.8944   4562.5
-91.7415   4593.75
-91.6416   4625
-91.8356   4656.25
-91.9297   4687.5
-92.3236   4718.75
-92.5647   4750
-92.2178   4781.25
-92.4471   4812.5
-92.5   4843.75
-92.3118   4875
-92.6176   4906.25
-92.7234   4937.5
-92.7116   4968.75
-92.5882   5000
-92.5999   5031.25
-92.8292   5062.5
-92.9645   5093.75
-92.8351   5125
-92.8234   5156.25
-93.0879   5187.5
-93.0291   5218.75
-93.035   5250
-93.1996   5281.25
-93.3878   5312.5
-93.6582   5343.75
-93.6876   5375
-93.4877   5406.25
-93.4172   5437.5
-93.6465   5468.75
-93.7641   5500
-93.817   5531.25
-94.0933   5562.5
-94.2873   5593.75
-94.3638   5625
-94.4049   5656.25
-94.3697   5687.5
-94.158   5718.75
-93.8229   5750
-94.0639   5781.25
-94.3873   5812.5
-94.3991   5843.75
-94.546   5875
-94.646   5906.25
-94.8047   5937.5
-94.9988   5968.75
-95.087   6000
-95.1928   6031.25
-95.3339   6062.5
-95.3221   6093.75
-95.2633   6125
-95.3221   6156.25
-95.1869   6187.5
-95.2516   6218.75
-95.4868   6250
-95.5279   6281.25
-95.2222   6312.5
-95.2398   6343.75
-95.4632   6375
-95.522   6406.25
-95.3045   6437.5
-95.1046   6468.75
-95.1869   6500
-95.2751   6531.25
-95.4868   6562.5
-95.8278   6593.75
-96.2923   6625
-96.598   6656.25
-96.3099   6687.5
-95.7631   6718.75
-95.7807   6750
-96.0571   6781.25
-96.0394   6812.5
-95.9924   6843.75
-96.0277   6875
-96.157   6906.25
-96.2864   6937.5
-96.2981   6968.75
-95.9395   7000
-96.1747   7031.25
-96.4922   7062.5
-96.2217   7093.75
-96.1335   7125
-96.2746   7156.25
-96.351   7187.5
-96.351   7218.75
-96.5274   7250
-96.839   7281.25
-96.8155   7312.5
-96.6921   7343.75
-96.5216   7375
-96.3275   7406.25
-96.3804   7437.5
-96.1394   7468.75
-96.0571   7500
-96.3452   7531.25
-96.3334   7562.5
-96.5039   7593.75
-96.5686   7625
-96.6215   7656.25
-96.7215   7687.5
-96.8978   7718.75
-96.7509   7750
-96.8155   7781.25
-97.2095   7812.5
-97.0331   7843.75
-96.8332   7875
-96.6862   7906.25
-96.4686   7937.5
-96.5862   7968.75
-96.7273   8000
-96.8096   8031.25
-96.7215   8062.5
-96.7567   8093.75
-97.0331   8125
-97.4094   8156.25
-97.8444   8187.5
-97.7327   8218.75
-97.3388   8250
-97.3094   8281.25
-97.327   8312.5
-97.3035   8343.75
-97.2624   8375
-97.086   8406.25
-96.8626   8437.5
-97.0154   8468.75
-97.28   8500
-97.427   8531.25
-97.5093   8562.5
-97.427   8593.75
-97.2153   8625
-97.2212   8656.25
-97.1036   8687.5
-97.0683   8718.75
-97.2976   8750
-97.0331   8781.25
-96.939   8812.5
-97.1977   8843.75
-97.0919   8875
-96.9625   8906.25
-97.3035   8937.5
-97.5563   8968.75
-97.6034   9000
-97.3564   9031.25
-97.0154   9062.5
-96.8684   9093.75
-97.1683   9125
-97.4329   9156.25
-97.4035   9187.5
-97.3741   9218.75
-97.2741   9250
-97.0683   9281.25
-97.0037   9312.5
-97.0331   9343.75
-97.1565   9375
-97.3917   9406.25
-97.3035   9437.5
-96.7391   9468.75
-96.9566   9500
-97.5211   9531.25
-97.4329   9562.5
-97.0154   9593.75
-96.9625   9625
-97.2036   9656.25
-97.2506   9687.5
-96.9625   9718.75
-96.7744   9750
-97.4094   9781.25
-97.9797   9812.5
-97.5446   9843.75
-97.2506   9875
-97.1095   9906.25
-96.8802   9937.5
-96.8214   9968.75
-96.9802   10000
-97.0154   10031.3
-97.1271   10062.5
-97.2212   10093.8
-97.3035   10125
-97.0625   10156.3
-96.9272   10187.5
-97.1801   10218.8
-97.38   10250
-97.1742   10281.3
-97.4094   10312.5
-97.6445   10343.8
-97.5799   10375
-97.6563   10406.3
-97.4858   10437.5
-97.0448   10468.8
-97.0625   10500
-97.0272   10531.3
-96.9625   10562.5
-96.9978   10593.8
-97.2095   10625
-97.3741   10656.3
-97.2918   10687.5
-97.4035   10718.8
-97.6034   10750
-97.3976   10781.3
-97.6034   10812.5
-98.0502   10843.8
-98.0208   10875
-97.7739   10906.3
-97.1507   10937.5
-97.2153   10968.8
-97.574   11000
-97.7856   11031.3
-97.6916   11062.5
-97.4799   11093.8
-97.2918   11125
-97.133   11156.3
-97.233   11187.5
-97.233   11218.8
-97.133   11250
-97.1271   11281.3
-97.3564   11312.5
-97.6328   11343.8
-97.38   11375
-97.3741   11406.3
-97.4975   11437.5
-97.2918   11468.8
-97.4446   11500
-97.5916   11531.3
-97.7445   11562.5
-97.7798   11593.8
-97.3858   11625
-97.5152   11656.3
-97.9209   11687.5
-97.721   11718.8
-97.5211   11750
-97.474   11781.3
-97.6269   11812.5
-97.7621   11843.8
-97.6445   11875
-97.5799   11906.3
-97.8033   11937.5
-98.1267   11968.8
-97.9091   12000
-97.3035   12031.3
-97.1271   12062.5
-97.4329   12093.8
-97.721   12125
-97.9738   12156.3
-98.0385   12187.5
-97.8386   12218.8
-97.7974   12250
-97.8327   12281.3
-98.0267   12312.5
-98.2442   12343.8
-98.2795   12375
-98.1737   12406.3
-98.1796   12437.5
-98.0208   12468.8
