%03/12/2016 11:55 AM

-45.8462   0
-47.4983   31.25
-57.9521   62.5
-69.9521   93.75
-69.1878   125
-72.0217   156.25
-75.9081   187.5
-76.5313   218.75
-77.2309   250
-81.3407   281.25
-83.7337   312.5
-83.7631   343.75
-83.8454   375
-83.7807   406.25
-83.3926   437.5
-83.4338   468.75
-83.6807   500
-83.3926   531.25
-82.4578   562.5
-81.6288   593.75
-80.6587   625
-79.9002   656.25
-80.0061   687.5
-80.0648   718.75
-79.5181   750
-79.5769   781.25
-80.3235   812.5
-80.935   843.75
-81.2114   875
-81.5759   906.25
-81.9286   937.5
-82.3108   968.75
-82.8106   1000
-83.375   1031.25
-84.304   1062.5
-84.6156   1093.75
-84.5333   1125
-84.8508   1156.25
-85.2212   1187.5
-85.8738   1218.75
-86.1266   1250
-85.9796   1281.25
-86.1148   1312.5
-86.3206   1343.75
-86.5558   1375
-86.6616   1406.25
-86.9556   1437.5
-87.0791   1468.75
-87.0614   1500
-87.2378   1531.25
-87.1732   1562.5
-87.085   1593.75
-87.0967   1625
-87.3848   1656.25
-87.4907   1687.5
-87.3907   1718.75
-87.72   1750
-88.1609   1781.25
-88.2021   1812.5
-88.0492   1843.75
-87.7905   1875
-87.3907   1906.25
-87.426   1937.5
-87.7435   1968.75
-87.8552   2000
-87.7729   2031.25
-87.6318   2062.5
-87.767   2093.75
-87.9375   2125
-87.8023   2156.25
-87.4789   2187.5
-87.1144   2218.75
-87.4377   2250
-88.1433   2281.25
-87.9551   2312.5
-87.3848   2343.75
-87.3201   2375
-87.5318   2406.25
-87.5377   2437.5
-87.5142   2468.75
-87.4142   2500
-87.3378   2531.25
-87.3789   2562.5
-87.4965   2593.75
-87.3731   2625
-87.0908   2656.25
-87.1144   2687.5
-86.6793   2718.75
-86.4794   2750
-86.5147   2781.25
-86.4735   2812.5
-86.4676   2843.75
-86.0972   2875
-86.1913   2906.25
-86.3442   2937.5
-86.3735   2968.75
-86.0796   3000
-85.8562   3031.25
-85.7386   3062.5
-85.5798   3093.75
-85.2212   3125
-85.1859   3156.25
-85.2623   3187.5
-85.1859   3218.75
-85.0801   3250
-85.2153   3281.25
-85.5975   3312.5
-85.4387   3343.75
-85.1036   3375
-85.2388   3406.25
-85.18   3437.5
-84.8214   3468.75
-84.498   3500
-84.5627   3531.25
-84.5098   3562.5
-84.5744   3593.75
-84.8566   3625
-84.4451   3656.25
-84.2687   3687.5
-84.3922   3718.75
-84.351   3750
-84.3392   3781.25
-84.7567   3812.5
-84.5215   3843.75
-83.6572   3875
-83.375   3906.25
-83.6219   3937.5
-84.2628   3968.75
-84.2922   4000
-83.7395   4031.25
-83.6513   4062.5
-84.0218   4093.75
-84.2628   4125
-84.0511   4156.25
-84.0276   4187.5
-83.9924   4218.75
-83.9806   4250
-84.304   4281.25
-84.2981   4312.5
-84.1335   4343.75
-83.8042   4375
-84.0335   4406.25
-84.8155   4437.5
-85.1741   4468.75
-84.6273   4500
-84.645   4531.25
-85.2094   4562.5
-85.4916   4593.75
-85.521   4625
-85.1683   4656.25
-85.0565   4687.5
-85.3329   4718.75
-85.4799   4750
-85.4269   4781.25
-85.7738   4812.5
-85.9326   4843.75
-85.7974   4875
-86.3853   4906.25
-86.3912   4937.5
-85.5622   4968.75
-85.5445   5000
-85.9914   5031.25
-86.2324   5062.5
-86.5029   5093.75
-86.6675   5125
-86.7028   5156.25
-86.9321   5187.5
-87.2907   5218.75
-87.3966   5250
-87.3907   5281.25
-87.6788   5312.5
-88.2961   5343.75
-88.155   5375
-87.7787   5406.25
-87.62   5437.5
-87.5436   5468.75
-88.0492   5500
-88.1198   5531.25
-88.3608   5562.5
-88.7489   5593.75
-88.9252   5625
-88.6548   5656.25
-88.7489   5687.5
-89.0664   5718.75
-89.0899   5750
-89.2721   5781.25
-89.1663   5812.5
-88.8547   5843.75
-88.9429   5875
-89.5661   5906.25
-89.9894   5937.5
-89.9248   5968.75
-89.6719   6000
-89.4132   6031.25
-89.4368   6062.5
-89.866   6093.75
-90.3892   6125
-90.4657   6156.25
-90.2893   6187.5
-90.5833   6218.75
-90.6832   6250
-90.7538   6281.25
-90.7832   6312.5
-90.8067   6343.75
-90.6362   6375
-90.7126   6406.25
-91.0536   6437.5
-90.9184   6468.75
-90.8949   6500
-91.0654   6531.25
-91.3358   6562.5
-91.4652   6593.75
-91.377   6625
-91.3946   6656.25
-91.7592   6687.5
-91.7298   6718.75
-91.6768   6750
-91.5063   6781.25
-91.5357   6812.5
-91.865   6843.75
-92.1002   6875
-92.1002   6906.25
-92.0061   6937.5
-92.2648   6968.75
-92.794   7000
-93.0409   7031.25
-92.7293   7062.5
-92.888   7093.75
-93.0174   7125
-92.694   7156.25
-92.3824   7187.5
-92.4941   7218.75
-92.5823   7250
-92.8469   7281.25
-93.1526   7312.5
-93.4525   7343.75
-93.4466   7375
-93.2232   7406.25
-92.7881   7437.5
-92.7704   7468.75
-93.4701   7500
-93.4583   7531.25
-93.0879   7562.5
-93.135   7593.75
-93.2114   7625
-93.135   7656.25
-93.282   7687.5
-93.1644   7718.75
-93.6641   7750
-93.964   7781.25
-93.6876   7812.5
-93.9346   7843.75
-94.0286   7875
-93.7288   7906.25
-93.8052   7937.5
-93.8464   7968.75
-93.8346   8000
-94.2756   8031.25
-94.6225   8062.5
-94.5519   8093.75
-94.3461   8125
-94.1462   8156.25
-94.1815   8187.5
-94.5813   8218.75
-94.4755   8250
-94.2815   8281.25
-94.1462   8312.5
-94.0698   8343.75
-94.2109   8375
-94.3638   8406.25
-94.4402   8437.5
-94.3403   8468.75
-94.6636   8500
-95.2986   8531.25
-95.3457   8562.5
-95.134   8593.75
-94.6225   8625
-94.4049   8656.25
-94.7107   8687.5
-95.1575   8718.75
-95.2281   8750
-95.0223   8781.25
-94.9929   8812.5
-95.034   8843.75
-94.7989   8875
-94.6166   8906.25
-94.6636   8937.5
-94.7812   8968.75
-94.5813   9000
-94.4814   9031.25
-94.7401   9062.5
-94.6225   9093.75
-94.0992   9125
-94.3697   9156.25
-94.6578   9187.5
-94.8871   9218.75
-95.134   9250
-95.2869   9281.25
-95.2222   9312.5
-95.1987   9343.75
-95.4985   9375
-95.328   9406.25
-95.1634   9437.5
-95.1928   9468.75
-95.1458   9500
-95.0811   9531.25
-94.9458   9562.5
-95.1987   9593.75
-95.6396   9625
-95.3633   9656.25
-95.1634   9687.5
-95.4221   9718.75
-95.963   9750
-95.9277   9781.25
-95.6749   9812.5
-95.328   9843.75
-94.9282   9875
-95.134   9906.25
-95.1046   9937.5
-94.84   9968.75
-95.0928   10000
-95.5338   10031.3
-95.5338   10062.5
-95.8454   10093.8
-95.6984   10125
-95.5573   10156.3
-95.6573   10187.5
-95.7866   10218.8
-95.7866   10250
-95.7219   10281.3
-95.669   10312.5
-95.4985   10343.8
-95.4985   10375
-95.6455   10406.3
-95.769   10437.5
-95.6044   10468.8
-95.2986   10500
-94.8988   10531.3
-94.7636   10562.5
-95.1516   10593.8
-95.5456   10625
-95.769   10656.3
-95.9983   10687.5
-96.2981   10718.8
-96.792   10750
-96.7979   10781.3
-96.498   10812.5
-95.9042   10843.8
-95.7513   10875
-95.8278   10906.3
-96.0277   10937.5
-96.3746   10968.8
-96.4745   11000
-96.3687   11031.3
-96.3216   11062.5
-96.3922   11093.8
-96.2746   11125
-96.1688   11156.3
-96.063   11187.5
-96.0982   11218.8
-96.745   11250
-96.7156   11281.3
-96.3746   11312.5
-96.5686   11343.8
-96.745   11375
-96.9155   11406.3
-96.6685   11437.5
-96.3628   11468.8
-96.4628   11500
-96.6568   11531.3
-96.5803   11562.5
-96.8038   11593.8
-97.0213   11625
-96.5568   11656.3
-96.4922   11687.5
-96.9743   11718.8
-97.1565   11750
-97.1977   11781.3
-97.2271   11812.5
-97.0331   11843.8
-97.3329   11875
-97.3153   11906.3
-96.9508   11937.5
-96.8743   11968.8
-96.6803   12000
-96.6274   12031.3
-97.1095   12062.5
-97.4152   12093.8
-97.3741   12125
-97.5328   12156.3
-97.8856   12187.5
-97.7033   12218.8
-97.2565   12250
-97.0566   12281.3
-97.0272   12312.5
-97.0919   12343.8
-97.0448   12375
-97.5269   12406.3
-97.7798   12437.5
-97.6974   12468.8
