%01/22/2016 4:29 PM

-53.0212   0
-55.8727   250
-61.5347   500
-62.3461   750
-61.9992   1000
-62.2226   1250
-62.6929   1500
-62.7223   1750
-62.2402   2000
-61.5817   2250
-61.2054   2500
-60.8821   2750
-60.741   3000
-60.5352   3250
-59.8414   3500
-59.03   3750
-58.8889   4000
-59.2946   4250
-58.9065   4500
-58.5361   4750
-58.7654   5000
-59.1829   5250
-59.3416   5500
-59.2417   5750
-59.1535   6000
-59.0829   6250
-58.6949   6500
-58.1775   6750
-58.2716   7000
-58.7537   7250
-59.1006   7500
-59.2476   7750
-59.1006   8000
-59.13   8250
-59.1711   8500
-59.277   8750
-59.224   9000
-58.7831   9250
-58.8125   9500
-59.0947   9750
-59.2593   10000
-59.7532   10250
-59.518   10500
-59.324   10750
-59.7473   11000
-59.9531   11250
-59.8002   11500
-60.0413   11750
-59.9237   12000
-59.765   12250
-59.7003   12500
-59.8473   12750
-59.9355   13000
-60.2118   13250
-60.3411   13500
-60.3235   13750
-60.4587   14000
-60.5117   14250
-60.5881   14500
-60.9938   14750
-61.5935   15000
-61.8169   15250
-61.423   15500
-61.3054   15750
-61.5582   16000
-61.7934   16250
-61.9345   16500
-62.1403   16750
-62.2402   17000
-62.1579   17250
-61.9874   17500
-62.005   17750
-62.1873   18000
-62.1814   18250
-62.2108   18500
-62.6341   18750
-62.6635   19000
-62.593   19250
-62.3402   19500
-62.3931   19750
-62.7341   20000
-62.8928   20250
-63.034   20500
-62.8928   20750
-62.7517   21000
-62.8517   21250
-63.2633   21500
-63.4926   21750
-63.0457   22000
-63.1104   22250
-63.763   22500
-64.0452   22750
-64.0981   23000
-64.0923   23250
-63.8747   23500
-63.7865   23750
-63.7571   24000
-63.6748   24250
-63.8688   24500
-64.0864   24750
-63.8159   25000
-63.3221   25250
-63.7983   25500
-64.3333   25750
-64.1805   26000
-64.3098   26250
-64.5685   26500
-64.5979   26750
-64.251   27000
-64.3921   27250
-64.886   27500
-64.9918   27750
-64.8154   28000
-64.7566   28250
-64.692   28500
-64.4744   28750
-64.4568   29000
-64.8037   29250
-65.0153   29500
-64.9801   29750
-64.886   30000
-64.6214   30250
-64.5626   30500
-64.8096   30750
-64.6743   31000
-64.6155   31250
-64.9448   31500
-65.2329   31750
-65.1094   32000
-64.9918   32250
-64.8625   32500
-64.9154   32750
-65.2152   33000
-65.2505   33250
-64.8331   33500
-64.6155   33750
-64.7978   34000
-65.0271   34250
-65.1329   34500
-65.5269   34750
-65.4093   35000
-65.0036   35250
-64.8331   35500
-64.739   35750
-65.0212   36000
-65.668   36250
-65.6327   36500
-65.2152   36750
-65.0977   37000
-65.2799   37250
-65.3681   37500
-64.9566   37750
-65.0859   38000
-65.6444   38250
-65.5915   38500
-65.3622   38750
-65.274   39000
-65.1153   39250
-65.3622   39500
-65.8444   39750
-66.0972   40000
-65.8502   40250
-65.2917   40500
-65.1329   40750
-65.274   41000
-65.3211   41250
-65.3857   41500
-65.5915   41750
-65.6386   42000
-65.5974   42250
-65.2976   42500
-65.2976   42750
-65.5092   43000
-65.6327   43250
-66.1266   43500
-66.4147   43750
-65.9267   44000
-65.5857   44250
-65.3328   44500
-65.3681   44750
-65.7679   45000
-65.9619   45250
-65.9031   45500
-65.815   45750
-65.4622   46000
-65.2858   46250
-65.3446   46500
-65.6209   46750
-65.6268   47000
-65.5269   47250
-65.5269   47500
-65.2505   47750
-65.4681   48000
-65.7326   48250
-65.8208   48500
-66.1031   48750
-65.9737   49000
-65.6621   49250
-65.6268   49500
-65.9972   49750
-66.0795   50000
-66.2794   50250
-66.3147   50500
-65.7797   50750
-65.4975   51000
-65.4857   51250
-66.0972   51500
-66.5029   51750
-66.0619   52000
-65.668   52250
-65.9619   52500
-66.5499   52750
-66.8968   53000
-66.8027   53250
-66.4558   53500
-66.5852   53750
-66.7616   54000
-66.9379   54250
-67.1261   54500
-67.0614   54750
-66.8733   55000
-66.6028   55250
-66.8203   55500
-67.0496   55750
-67.3201   56000
-67.6787   56250
-67.3554   56500
-66.9615   56750
-67.5082   57000
-67.8551   57250
-67.7258   57500
-67.9374   57750
-68.008   58000
-67.8081   58250
-68.0844   58500
-67.9904   58750
-68.0433   59000
-68.1961   59250
-68.1785   59500
-68.1726   59750
-68.1432   60000
-68.2197   60250
-68.3314   60500
-68.2726   60750
-68.2079   61000
-68.6018   61250
-68.6841   61500
-68.5313   61750
-68.543   62000
-68.4548   62250
-68.7018   62500
-68.6724   62750
-68.6547   63000
-69.0369   63250
-69.4191   63500
-69.5837   63750
-69.0369   64000
-68.837   64250
-69.1427   64500
-69.3132   64750
-69.3838   65000
-69.4602   65250
-69.4838   65500
-69.7542   65750
-69.8365   66000
-69.7954   66250
-69.7895   66500
-70.2892   66750
-70.6479   67000
-70.6303   67250
-70.5832   67500
-70.7067   67750
-70.5597   68000
-70.6361   68250
-70.8948   68500
-70.9889   68750
-71.0359   69000
-70.9419   69250
-71.0595   69500
-71.0359   69750
-70.9419   70000
-71.2946   70250
-71.3711   70500
-71.1359   70750
-71.0242   71000
-71.0183   71250
-71.2064   71500
-71.3711   71750
-71.13   72000
-71.0183   72250
-71.3828   72500
-71.7474   72750
-72.0119   73000
-71.812   73250
-71.5298   73500
-71.7356   73750
-72.0648   74000
-72.2942   74250
-72.4411   74500
-72.0825   74750
-72.0413   75000
-72.3706   75250
-72.2295   75500
-72.1824   75750
-72.4059   76000
-72.5705   76250
-72.8468   76500
-72.8821   76750
-72.6528   77000
-72.9762   77250
-73.129   77500
-72.7116   77750
-72.5881   78000
-72.8703   78250
-73.276   78500
-73.1467   78750
-72.9115   79000
-72.841   79250
-72.7939   79500
-73.1349   79750
-73.229   80000
-73.1996   80250
-73.57   80500
-73.3583   80750
-73.1996   81000
-73.4171   81250
-73.4759   81500
-73.4642   81750
-73.5935   82000
-73.6229   82250
-73.4465   82500
-73.523   82750
-73.5994   83000
-73.8111   83250
-74.1109   83500
-74.105   83750
-73.8581   84000
-73.7346   84250
-74.2109   84500
-74.6577   84750
-74.1991   85000
-74.0992   85250
-74.5519   85500
-74.6871   85750
-74.6107   86000
-74.7106   86250
-74.4872   86500
-74.3285   86750
-74.646   87000
-74.546   87250
-74.4049   87500
-74.6283   87750
-75.034   88000
-75.2045   88250
-74.9282   88500
-74.8223   88750
-75.1046   89000
-75.0222   89250
-74.4284   89500
-74.1873   89750
-74.5342   90000
-74.7812   90250
-74.6518   90500
-74.6107   90750
-74.8223   91000
-74.8106   91250
-74.7577   91500
-75.0575   91750
-75.3691   92000
-75.3868   92250
-75.1516   92500
-75.1104   92750
-74.9046   93000
-75.1281   93250
-75.6631   93500
-75.5514   93750
-75.3633   94000
-75.5808   94250
-75.716   94500
-75.5514   94750
-75.2986   95000
-75.6925   95250
-76.0864   95500
-75.7631   95750
-75.9924   96000
-75.9982   96250
-75.3926   96500
-75.4691   96750
-75.91   97000
-76.0629   97250
-75.8689   97500
-75.7924   97750
-75.9042   98000
-76.01   98250
-75.7337   98500
-75.5338   98750
-75.8395   99000
-75.9394   99250
-76.0041   99500
-76.2922   99750
