%06/29/2016 1:25 PM

-50.8273   0
-54.1609   250
-64.844   500
-80.8009   750
-81.7005   1000
-82.1121   1250
-82.2943   1500
-82.4531   1750
-82.9587   2000
-83.2056   2250
-83.2115   2500
-83.1998   2750
-83.1645   3000
-83.4055   3250
-83.5584   3500
-83.3409   3750
-83.235   4000
-83.0704   4250
-83.1645   4500
-83.4232   4750
-83.8994   5000
-84.2346   5250
-84.2052   5500
-83.8171   5750
-83.4232   6000
-83.4526   6250
-83.3997   6500
-82.9469   6750
-82.8117   7000
-83.2115   7250
-83.3115   7500
-83.529   7750
-83.776   8000
-83.9112   8250
-83.8289   8500
-83.3644   8750
-83.382   9000
-83.2821   9250
-83.3232   9500
-83.7054   9750
-83.3879   10000
-83.0645   10250
-83.482   10500
-83.6936   10750
-83.5996   11000
-83.6701   11250
-83.6407   11500
-83.4761   11750
-83.8583   12000
-83.8112   12250
-83.4996   12500
-83.5466   12750
-83.4702   13000
-83.2468   13250
-83.5819   13500
-83.7348   13750
-83.3644   14000
-83.3761   14250
-83.6113   14500
-83.4291   14750
-83.6407   15000
-83.9641   15250
-83.5466   15500
-83.2703   15750
-83.3526   16000
-83.2644   16250
-83.0293   16500
-83.2292   16750
-83.6172   17000
-83.8818   17250
-83.5702   17500
-83.1998   17750
-83.2115   18000
-83.1057   18250
-83.1939   18500
-83.482   18750
-83.6466   19000
-83.6819   19250
-83.87   19500
-83.723   19750
-83.776   20000
-83.9112   20250
-83.6231   20500
-83.4643   20750
-83.7407   21000
-84.164   21250
-84.0758   21500
-83.9053   21750
-83.87   22000
-83.6642   22250
-83.676   22500
-83.9112   22750
-84.1405   23000
-83.8818   23250
-83.5408   23500
-83.6642   23750
-84.1052   24000
-84.2698   24250
-83.9465   24500
-83.7936   24750
-83.6878   25000
-83.6819   25250
-83.8759   25500
-83.7701   25750
-83.7995   26000
-83.7995   26250
-83.9112   26500
-84.1228   26750
-84.0817   27000
-83.8171   27250
-83.7054   27500
-83.8818   27750
-83.5996   28000
-83.5584   28250
-84.117   28500
-84.311   28750
-84.1581   29000
-84.1816   29250
-84.505   29500
-84.4462   29750
-84.2875   30000
-83.9229   30250
-83.9582   30500
-84.4168   30750
-84.5462   31000
-84.3698   31250
-84.164   31500
-84.0405   31750
-84.0817   32000
-84.3933   32250
-84.652   32500
-84.6755   32750
-84.6755   33000
-84.3521   33250
-84.2404   33500
-84.5756   33750
-84.4286   34000
-84.1111   34250
-84.164   34500
-84.5403   34750
-84.6638   35000
-84.5403   35250
-84.3286   35500
-84.1287   35750
-84.1346   36000
-84.1993   36250
-83.9229   36500
-83.529   36750
-83.6936   37000
-84.0934   37250
-84.0817   37500
-84.505   37750
-85.14   38000
-85.0106   38250
-84.8225   38500
-84.846   38750
-84.5168   39000
-84.5697   39250
-85.0106   39500
-84.9871   39750
-84.846   40000
-85.0812   40250
-85.6397   40500
-85.2752   40750
-84.9283   41000
-85.1106   41250
-85.3046   41500
-84.9695   41750
-84.7578   42000
-84.8754   42250
-84.7343   42500
-84.8225   42750
-85.0106   43000
-85.4457   43250
-85.5751   43500
-85.4281   43750
-85.2105   44000
-85.3281   44250
-84.9812   44500
-84.4521   44750
-84.3757   45000
-84.6814   45250
-84.7519   45500
-85.2164   45750
-85.4634   46000
-85.3811   46250
-85.2399   46500
-85.1929   46750
-85.1576   47000
-85.1047   47250
-85.2929   47500
-85.5045   47750
-85.4634   48000
-85.4516   48250
-85.4869   48500
-85.1988   48750
-85.4575   49000
-85.5986   49250
-85.3928   49500
-85.3634   49750
-85.2811   50000
-85.434   50250
-85.8514   50500
-85.9161   50750
-85.7985   51000
-85.7103   51250
-85.6574   51500
-85.3164   51750
-85.2341   52000
-85.5574   52250
-85.6104   52500
-85.6104   52750
-85.3811   53000
-85.1811   53250
-85.3575   53500
-85.6456   53750
-85.6633   54000
-85.6339   54250
-85.6397   54500
-85.6691   54750
-85.4516   55000
-85.3046   55250
-85.8103   55500
-85.9866   55750
-85.9455   56000
-85.7926   56250
-85.528   56500
-85.6574   56750
-85.922   57000
-86.116   57250
-85.8867   57500
-85.7279   57750
-86.1513   58000
-86.5863   58250
-86.7804   58500
-86.4805   58750
-85.8867   59000
-85.6104   59250
-85.7985   59500
-85.9337   59750
-86.1748   60000
-86.0866   60250
-85.6574   60500
-85.6104   60750
-86.0396   61000
-86.1219   61250
-86.1865   61500
-86.263   61750
-85.8514   62000
-85.775   62250
-85.8397   62500
-85.7985   62750
-86.0807   63000
-85.8338   63250
-85.7515   63500
-85.922   63750
-85.9572   64000
-86.0631   64250
-86.069   64500
-85.8514   64750
-85.9455   65000
-85.922   65250
-85.5692   65500
-85.7926   65750
-86.3453   66000
-87.0861   66250
-87.3742   66500
-87.1508   66750
-86.6216   67000
-86.1454   67250
-86.31   67500
-86.8392   67750
-86.6863   68000
-86.6157   68250
-86.7157   68500
-86.8509   68750
-86.651   69000
-86.31   69250
-86.2159   69500
-86.3688   69750
-86.4746   70000
-86.9156   70250
-87.1037   70500
-87.0273   70750
-86.8274   71000
-86.4982   71250
-86.4041   71500
-86.604   71750
-86.4746   72000
-86.4158   72250
-86.4923   72500
-86.4276   72750
-86.5746   73000
-86.9097   73250
-86.6922   73500
-86.9332   73750
-86.7686   74000
-86.5511   74250
-86.9215   74500
-86.9391   74750
-86.9097   75000
-86.9568   75250
-86.9626   75500
-87.0038   75750
-86.9038   76000
-86.9568   76250
-87.0626   76500
-87.2331   76750
-87.0273   77000
-86.8568   77250
-87.1096   77500
-87.4389   77750
-87.1449   78000
-87.2978   78250
-87.2566   78500
-87.0097   78750
-86.7804   79000
-86.9156   79250
-87.4271   79500
-87.9504   79750
-87.627   80000
-87.3389   80250
-87.6094   80500
-87.7093   80750
-87.333   81000
-87.1214   81250
-87.1273   81500
-87.2037   81750
-87.2978   82000
-87.1802   82250
-87.0214   82500
-87.2801   82750
-87.2037   83000
-87.3095   83250
-87.4212   83500
-87.0861   83750
-86.8156   84000
-87.0391   84250
-87.5565   84500
-87.6388   84750
-87.4036   85000
-87.4565   85250
-87.5623   85500
-87.3095   85750
-87.3448   86000
-87.0508   86250
-87.0979   86500
-87.2155   86750
-86.9156   87000
-86.6334   87250
-86.0807   87500
-85.9749   87750
-86.6863   88000
-87.2801   88250
-87.1684   88500
-86.945   88750
-86.4982   89000
-86.5687   89250
-87.1273   89500
-87.0508   89750
-86.3394   90000
-86.4335   90250
-86.557   90500
-85.7926   90750
-85.7691   91000
-86.3041   91250
-86.5158   91500
-86.8921   91750
-86.7627   92000
-86.604   92250
-87.0567   92500
-87.1684   92750
-86.9156   93000
-86.5158   93250
-86.3747   93500
-86.4805   93750
-86.3277   94000
-85.9337   94250
-86.1924   94500
-86.5922   94750
-86.6628   95000
-86.5981   95250
-86.3394   95500
-86.4041   95750
-86.1336   96000
-85.8867   96250
-86.0572   96500
-86.0043   96750
-86.2571   97000
-86.6275   97250
-86.7451   97500
-86.3629   97750
-86.1924   98000
-86.1042   98250
-85.8338   98500
-86.1336   98750
-86.7157   99000
-87.1331   99250
-87.2213   99500
-86.9156   99750
