%06/29/2016 1:26 PM

-46.5882   0
-49.9336   31.25
-60.6989   62.5
-80.4717   93.75
-83.1762   125
-85.7456   156.25
-88.0327   187.5
-90.3551   218.75
-91.3429   250
-91.2488   281.25
-91.3664   312.5
-93.7828   343.75
-94.5001   375
-93.4007   406.25
-93.6065   437.5
-94.9352   468.75
-94.4943   500
-93.289   531.25
-93.3889   562.5
-93.824   593.75
-93.6359   625
-93.2948   656.25
-93.4242   687.5
-93.8416   718.75
-92.8774   750
-91.6662   781.25
-91.7838   812.5
-92.0778   843.75
-91.0018   875
-90.4198   906.25
-91.4252   937.5
-92.0484   968.75
-92.1013   1000
-92.0366   1031.25
-91.9896   1062.5
-91.5369   1093.75
-91.2723   1125
-91.1253   1156.25
-91.2723   1187.5
-91.7603   1218.75
-91.5604   1250
-91.4369   1281.25
-91.3311   1312.5
-91.3487   1343.75
-91.6603   1375
-91.8544   1406.25
-91.9602   1437.5
-92.0484   1468.75
-91.4017   1500
-91.2253   1531.25
-91.8661   1562.5
-91.8838   1593.75
-91.3252   1625
-91.4134   1656.25
-92.0308   1687.5
-92.1131   1718.75
-92.1954   1750
-92.8304   1781.25
-92.8833   1812.5
-92.6422   1843.75
-92.5364   1875
-92.6069   1906.25
-93.0303   1937.5
-92.995   1968.75
-92.4188   2000
-92.6363   2031.25
-92.6951   2062.5
-92.3247   2093.75
-92.213   2125
-92.3659   2156.25
-92.8245   2187.5
-93.2772   2218.75
-92.9832   2250
-92.8598   2281.25
-93.1361   2312.5
-92.8539   2343.75
-92.5482   2375
-92.6657   2406.25
-92.8186   2437.5
-92.9774   2468.75
-93.0655   2500
-92.9009   2531.25
-92.4012   2562.5
-92.46   2593.75
-92.8304   2625
-92.9068   2656.25
-92.8069   2687.5
-92.8715   2718.75
-92.9891   2750
-92.7775   2781.25
-92.5599   2812.5
-92.3483   2843.75
-92.7128   2875
-93.0714   2906.25
-92.7539   2937.5
-92.3835   2968.75
-92.6599   3000
-92.7951   3031.25
-92.654   3062.5
-92.9068   3093.75
-92.8892   3125
-92.948   3156.25
-92.8598   3187.5
-92.3247   3218.75
-92.4129   3250
-92.5011   3281.25
-92.6305   3312.5
-92.8774   3343.75
-92.6951   3375
-93.0949   3406.25
-93.6535   3437.5
-93.8416   3468.75
-93.4007   3500
-93.1596   3531.25
-93.2184   3562.5
-92.5188   3593.75
-92.3718   3625
-92.7128   3656.25
-93.2478   3687.5
-93.0009   3718.75
-92.4306   3750
-92.8304   3781.25
-92.9421   3812.5
-92.8892   3843.75
-93.0773   3875
-93.0891   3906.25
-93.2302   3937.5
-93.3301   3968.75
-93.0538   4000
-92.7539   4031.25
-92.948   4062.5
-93.2772   4093.75
-93.5359   4125
-92.9303   4156.25
-92.7716   4187.5
-92.9832   4218.75
-92.4835   4250
-91.8779   4281.25
-91.9367   4312.5
-92.554   4343.75
-92.8539   4375
-92.995   4406.25
-92.8656   4437.5
-92.5952   4468.75
-92.6246   4500
-92.5246   4531.25
-92.7128   4562.5
-93.4242   4593.75
-93.6711   4625
-93.4477   4656.25
-93.63   4687.5
-93.6182   4718.75
-92.9303   4750
-92.6657   4781.25
-92.8304   4812.5
-92.6716   4843.75
-92.6716   4875
-92.9832   4906.25
-92.7598   4937.5
-92.7775   4968.75
-93.0068   5000
-93.0479   5031.25
-93.0714   5062.5
-93.1126   5093.75
-93.1361   5125
-93.0068   5156.25
-92.8656   5187.5
-92.7833   5218.75
-92.5305   5250
-92.4717   5281.25
-92.6422   5312.5
-93.0244   5343.75
-93.2772   5375
-93.2478   5406.25
-92.9656   5437.5
-92.7951   5468.75
-93.3301   5500
-92.995   5531.25
-92.6011   5562.5
-92.8892   5593.75
-92.9715   5625
-92.7598   5656.25
-92.507   5687.5
-92.6011   5718.75
-92.701   5750
-93.0185   5781.25
-93.042   5812.5
-92.7716   5843.75
-92.5482   5875
-92.5952   5906.25
-92.6069   5937.5
-93.0362   5968.75
-92.9538   6000
-92.7716   6031.25
-92.701   6062.5
-92.6893   6093.75
-92.7245   6125
-92.3541   6156.25
-92.3483   6187.5
-92.7716   6218.75
-92.9303   6250
-92.6422   6281.25
-92.8127   6312.5
-93.1655   6343.75
-93.5065   6375
-93.4183   6406.25
-93.3242   6437.5
-92.995   6468.75
-92.313   6500
-92.0719   6531.25
-92.5717   6562.5
-92.7481   6593.75
-92.7539   6625
-93.0714   6656.25
-93.1243   6687.5
-92.8421   6718.75
-92.8656   6750
-92.6951   6781.25
-92.5246   6812.5
-92.6069   6843.75
-92.7481   6875
-92.7951   6906.25
-92.8833   6937.5
-92.5952   6968.75
-92.554   7000
-92.7422   7031.25
-92.6363   7062.5
-92.9656   7093.75
-93.142   7125
-92.9362   7156.25
-92.9656   7187.5
-92.6011   7218.75
-92.213   7250
-92.2189   7281.25
-92.7716   7312.5
-93.0891   7343.75
-93.0832   7375
-93.2831   7406.25
-93.0009   7437.5
-92.5893   7468.75
-93.1008   7500
-93.3595   7531.25
-93.3536   7562.5
-93.4654   7593.75
-93.2537   7625
-93.0244   7656.25
-93.1596   7687.5
-93.4595   7718.75
-93.0362   7750
-92.8421   7781.25
-92.8304   7812.5
-92.9244   7843.75
-92.8069   7875
-92.8362   7906.25
-92.7245   7937.5
-92.2071   7968.75
-92.0072   8000
-92.1719   8031.25
-92.4364   8062.5
-92.554   8093.75
-92.5893   8125
-92.8245   8156.25
-92.7422   8187.5
-92.1836   8218.75
-92.2365   8250
-92.5423   8281.25
-92.7187   8312.5
-92.5834   8343.75
-92.1719   8375
-92.4482   8406.25
-92.6599   8437.5
-92.6893   8468.75
-92.995   8500
-92.6187   8531.25
-92.654   8562.5
-92.9597   8593.75
-92.8715   8625
-92.6187   8656.25
-92.7833   8687.5
-92.8539   8718.75
-92.8069   8750
-93.0362   8781.25
-92.6775   8812.5
-92.4306   8843.75
-92.7775   8875
-93.1479   8906.25
-92.9832   8937.5
-92.6069   8968.75
-93.0479   9000
-92.8245   9031.25
-92.4776   9062.5
-92.7657   9093.75
-92.7716   9125
-92.7657   9156.25
-93.0891   9187.5
-92.7245   9218.75
-92.3776   9250
-92.213   9281.25
-92.6422   9312.5
-92.7775   9343.75
-92.5423   9375
-92.5482   9406.25
-92.9832   9437.5
-93.2302   9468.75
-93.3066   9500
-92.7598   9531.25
-92.6422   9562.5
-92.6599   9593.75
-92.2895   9625
-92.3953   9656.25
-92.7422   9687.5
-92.7716   9718.75
-92.5776   9750
-92.6716   9781.25
-93.0126   9812.5
-92.8069   9843.75
-92.313   9875
-92.3776   9906.25
-92.6128   9937.5
-92.9597   9968.75
-92.8833   10000
-92.7304   10031.3
-92.6187   10062.5
-92.6187   10093.8
-92.6657   10125
-92.8656   10156.3
-92.9068   10187.5
-92.7775   10218.8
-92.5364   10250
-92.4717   10281.3
-92.6069   10312.5
-92.6657   10343.8
-92.6305   10375
-92.7598   10406.3
-93.0714   10437.5
-93.3536   10468.8
-93.3536   10500
-93.1596   10531.3
-92.6481   10562.5
-92.1366   10593.8
-92.019   10625
-92.1483   10656.3
-92.213   10687.5
-92.313   10718.8
-92.7187   10750
-93.289   10781.3
-93.2772   10812.5
-92.9597   10843.8
-92.7304   10875
-92.6951   10906.3
-92.6834   10937.5
-92.6011   10968.8
-92.3189   11000
-92.6716   11031.3
-92.9303   11062.5
-92.8127   11093.8
-92.6187   11125
-92.8186   11156.3
-92.995   11187.5
-93.0068   11218.8
-92.7245   11250
-92.4541   11281.3
-92.7245   11312.5
-92.9303   11343.8
-92.6422   11375
-91.8603   11406.3
-92.019   11437.5
-92.4717   11468.8
-92.019   11500
-92.019   11531.3
-92.3953   11562.5
-92.4894   11593.8
-92.6422   11625
-92.1719   11656.3
-92.1425   11687.5
-92.2013   11718.8
-92.2659   11750
-92.3894   11781.3
-92.3776   11812.5
-92.3894   11843.8
-92.5482   11875
-92.6951   11906.3
-92.6305   11937.5
-92.4776   11968.8
-92.3953   12000
-92.6305   12031.3
-92.4658   12062.5
-92.2483   12093.8
-92.4952   12125
-92.9421   12156.3
-92.9362   12187.5
-92.5246   12218.8
-92.4952   12250
-92.6363   12281.3
-92.7069   12312.5
-92.5834   12343.8
-92.3894   12375
-92.1719   12406.3
-91.8955   12437.5
-91.8779   12468.8
