%06/29/2016 11:04 AM

-50.6391   0
-53.9846   31.25
-64.7558   62.5
-82.6706   93.75
-83.5996   125
-86.5628   156.25
-89.1557   187.5
-91.0489   218.75
-91.6662   250
-92.0425   281.25
-92.5482   312.5
-95.2233   343.75
-95.97   375
-94.9   406.25
-95.2233   437.5
-96.2405   468.75
-96.264   500
-96.217   531.25
-96.2993   562.5
-96.3992   593.75
-96.4698   625
-96.0523   656.25
-96.2287   687.5
-96.458   718.75
-95.4173   750
-94.5883   781.25
-95.1234   812.5
-95.7525   843.75
-95.0117   875
-94.5354   906.25
-95.4526   937.5
-95.6466   968.75
-95.0822   1000
-94.9   1031.25
-95.629   1062.5
-95.6408   1093.75
-95.1586   1125
-95.4761   1156.25
-96.458   1187.5
-96.3757   1218.75
-95.8583   1250
-95.6643   1281.25
-95.6408   1312.5
-95.4644   1343.75
-95.5349   1375
-95.9289   1406.25
-95.7054   1437.5
-95.5526   1468.75
-95.5643   1500
-95.6466   1531.25
-95.5173   1562.5
-95.5408   1593.75
-95.5291   1625
-95.4467   1656.25
-95.288   1687.5
-95.3233   1718.75
-95.5349   1750
-95.8877   1781.25
-95.8583   1812.5
-95.5996   1843.75
-95.8583   1875
-95.9112   1906.25
-95.3997   1937.5
-95.2351   1968.75
-95.3821   2000
-95.4056   2031.25
-95.2351   2062.5
-95.7584   2093.75
-95.676   2125
-95.1645   2156.25
-95.0469   2187.5
-95.5173   2218.75
-95.3586   2250
-95.3527   2281.25
-95.5114   2312.5
-95.3997   2343.75
-95.4173   2375
-95.1645   2406.25
-95.3586   2437.5
-95.5526   2468.75
-95.3468   2500
-95.0822   2531.25
-94.9   2562.5
-94.8882   2593.75
-95.1822   2625
-95.1998   2656.25
-94.7471   2687.5
-94.8   2718.75
-94.7765   2750
-95.0763   2781.25
-94.4825   2812.5
-94.018   2843.75
-94.4002   2875
-94.4355   2906.25
-94.4413   2937.5
-94.7941   2968.75
-95.094   3000
-94.8118   3031.25
-94.6942   3062.5
-94.7471   3093.75
-94.4766   3125
-94.2473   3156.25
-94.1239   3187.5
-94.3179   3218.75
-94.3296   3250
-94.212   3281.25
-93.6653   3312.5
-93.63   3343.75
-94.1356   3375
-94.4884   3406.25
-94.6942   3437.5
-94.2708   3468.75
-94.0298   3500
-94.118   3531.25
-93.8475   3562.5
-93.8475   3593.75
-93.9063   3625
-93.5124   3656.25
-93.7946   3687.5
-94.3002   3718.75
-94.3355   3750
-94.2062   3781.25
-94.0415   3812.5
-94.2003   3843.75
-94.1474   3875
-94.2885   3906.25
-94.1297   3937.5
-93.6653   3968.75
-93.5888   4000
-93.6065   4031.25
-93.6123   4062.5
-93.6241   4093.75
-93.7534   4125
-93.8534   4156.25
-93.9063   4187.5
-93.6006   4218.75
-93.4477   4250
-93.5006   4281.25
-93.3948   4312.5
-93.3595   4343.75
-92.948   4375
-93.289   4406.25
-93.4771   4437.5
-93.4183   4468.75
-93.3772   4500
-93.0244   4531.25
-93.0538   4562.5
-93.289   4593.75
-93.53   4625
-93.53   4656.25
-93.5183   4687.5
-93.4948   4718.75
-93.3242   4750
-93.0244   4781.25
-92.9186   4812.5
-93.2948   4843.75
-93.4066   4875
-93.2243   4906.25
-93.0479   4937.5
-92.848   4968.75
-92.6011   5000
-92.5834   5031.25
-92.9362   5062.5
-92.8421   5093.75
-92.7069   5125
-92.7892   5156.25
-92.9303   5187.5
-93.0303   5218.75
-93.3242   5250
-93.5477   5281.25
-93.1361   5312.5
-92.3894   5343.75
-92.654   5375
-93.1008   5406.25
-92.995   5437.5
-92.8892   5468.75
-92.407   5500
-92.2777   5531.25
-92.6246   5562.5
-92.6599   5593.75
-92.5893   5625
-92.5364   5656.25
-92.701   5687.5
-92.8598   5718.75
-93.0244   5750
-92.9774   5781.25
-92.848   5812.5
-92.9891   5843.75
-92.9832   5875
-92.9715   5906.25
-93.2361   5937.5
-93.0185   5968.75
-92.7892   6000
-92.8069   6031.25
-92.7128   6062.5
-92.7304   6093.75
-92.9009   6125
-92.8892   6156.25
-92.7598   6187.5
-92.8362   6218.75
-93.042   6250
-93.1008   6281.25
-93.0773   6312.5
-93.189   6343.75
-92.8245   6375
-92.4835   6406.25
-92.6893   6437.5
-92.7657   6468.75
-92.5482   6500
-92.5717   6531.25
-92.3659   6562.5
-92.0778   6593.75
-91.6133   6625
-91.7603   6656.25
-92.3071   6687.5
-92.36   6718.75
-92.4717   6750
-92.6246   6781.25
-92.5834   6812.5
-92.5834   6843.75
-92.3953   6875
-92.1013   6906.25
-92.1189   6937.5
-92.2953   6968.75
-92.4012   7000
-92.507   7031.25
-92.5011   7062.5
-92.3541   7093.75
-92.6363   7125
-92.6716   7156.25
-92.701   7187.5
-92.3894   7218.75
-92.2483   7250
-92.3424   7281.25
-92.7187   7312.5
-92.7657   7343.75
-92.46   7375
-92.554   7406.25
-92.4541   7437.5
-92.2189   7468.75
-92.0308   7500
-92.1248   7531.25
-92.7069   7562.5
-92.6893   7593.75
-92.3247   7625
-92.1131   7656.25
-91.9073   7687.5
-92.1483   7718.75
-92.3247   7750
-92.3894   7781.25
-92.3071   7812.5
-92.3247   7843.75
-92.2071   7875
-92.46   7906.25
-92.6128   7937.5
-92.3541   7968.75
-92.8186   8000
-92.7481   8031.25
-92.3424   8062.5
-91.9896   8093.75
-91.9602   8125
-92.0366   8156.25
-92.0484   8187.5
-91.8779   8218.75
-91.5369   8250
-91.6545   8281.25
-92.1954   8312.5
-92.4012   8343.75
-92.4482   8375
-92.4776   8406.25
-92.4482   8437.5
-92.6834   8468.75
-92.4717   8500
-92.2013   8531.25
-92.4188   8562.5
-92.4952   8593.75
-92.554   8625
-92.6951   8656.25
-92.5129   8687.5
-92.2013   8718.75
-91.9602   8750
-91.8426   8781.25
-92.2189   8812.5
-92.5952   8843.75
-92.8892   8875
-92.9362   8906.25
-92.4658   8937.5
-92.2424   8968.75
-92.5129   9000
-92.701   9031.25
-92.8774   9062.5
-92.701   9093.75
-92.4482   9125
-92.1189   9156.25
-91.9837   9187.5
-92.1072   9218.75
-92.36   9250
-92.5305   9281.25
-92.3894   9312.5
-92.2718   9343.75
-91.8191   9375
-92.066   9406.25
-92.2953   9437.5
-92.3776   9468.75
-92.6011   9500
-92.5717   9531.25
-92.3424   9562.5
-92.3365   9593.75
-92.6775   9625
-92.507   9656.25
-92.46   9687.5
-92.1895   9718.75
-92.0543   9750
-92.1013   9781.25
-91.8896   9812.5
-91.9837   9843.75
-92.0837   9875
-92.1836   9906.25
-92.1307   9937.5
-92.2601   9968.75
-91.872   10000
-91.5016   10031.3
-91.9249   10062.5
-91.9014   10093.8
-91.6016   10125
-91.7721   10156.3
-91.8955   10187.5
-92.1013   10218.8
-91.9661   10250
-91.972   10281.3
-92.0072   10312.5
-92.1072   10343.8
-91.872   10375
-91.5663   10406.3
-91.8191   10437.5
-92.1542   10468.8
-92.2777   10500
-92.3541   10531.3
-92.1895   10562.5
-91.9955   10593.8
-91.8896   10625
-91.9014   10656.3
-92.0602   10687.5
-92.2307   10718.8
-92.1131   10750
-92.3247   10781.3
-92.1719   10812.5
-91.872   10843.8
-92.0543   10875
-91.8309   10906.3
-91.9014   10937.5
-91.9661   10968.8
-91.9896   11000
-91.9602   11031.3
-92.2071   11062.5
-92.1719   11093.8
-92.407   11125
-92.1895   11156.3
-91.7015   11187.5
-91.8544   11218.8
-92.0543   11250
-91.5604   11281.3
-91.6721   11312.5
-91.8191   11343.8
-91.9426   11375
-91.7897   11406.3
-91.7133   11437.5
-91.6721   11468.8
-91.8191   11500
-91.6486   11531.3
-91.7838   11562.5
-91.7015   11593.8
-91.7074   11625
-91.8955   11656.3
-91.8603   11687.5
-91.7721   11718.8
-91.8603   11750
-91.7956   11781.3
-91.5251   11812.5
-91.0959   11843.8
-91.0606   11875
-91.1371   11906.3
-91.3664   11937.5
-91.4898   11968.8
-91.6545   12000
-91.4781   12031.3
-91.7191   12062.5
-92.0837   12093.8
-92.1777   12125
-91.9955   12156.3
-91.7721   12187.5
-91.6603   12218.8
-91.3664   12250
-91.2194   12281.3
-91.8838   12312.5
-92.1013   12343.8
-91.5663   12375
-91.4428   12406.3
-91.6133   12437.5
-91.4428   12468.8
