%06/29/2016 1:17 PM

-25.0281   0
-28.3735   31.25
-39.1447   62.5
-60.7813   93.75
-83.482   125
-86.9979   156.25
-92.0778   187.5
-92.7598   218.75
-92.7422   250
-93.7299   281.25
-93.9181   312.5
-94.3355   343.75
-94.606   375
-95.2762   406.25
-95.0293   437.5
-94.7471   468.75
-94.5766   500
-94.6471   531.25
-94.7236   562.5
-94.4943   593.75
-94.3708   625
-94.5589   656.25
-94.3708   687.5
-93.6594   718.75
-93.2596   750
-92.7892   781.25
-92.4776   812.5
-91.8838   843.75
-91.5369   875
-91.5134   906.25
-91.8426   937.5
-91.7074   968.75
-91.7544   1000
-92.1719   1031.25
-92.8069   1062.5
-92.3012   1093.75
-92.0014   1125
-92.5776   1156.25
-92.5717   1187.5
-92.7422   1218.75
-92.8774   1250
-92.8186   1281.25
-92.4188   1312.5
-92.313   1343.75
-92.9127   1375
-92.7422   1406.25
-92.3659   1437.5
-92.7304   1468.75
-92.9009   1500
-92.6363   1531.25
-92.7716   1562.5
-93.0244   1593.75
-92.6716   1625
-92.6363   1656.25
-92.9244   1687.5
-92.8833   1718.75
-92.9186   1750
-92.9832   1781.25
-93.2067   1812.5
-93.4771   1843.75
-93.289   1875
-92.5305   1906.25
-92.8069   1937.5
-93.2948   1968.75
-93.3948   2000
-93.7534   2031.25
-93.8475   2062.5
-93.5829   2093.75
-93.7828   2125
-94.018   2156.25
-94.1121   2187.5
-93.8593   2218.75
-93.4712   2250
-93.6123   2281.25
-93.9063   2312.5
-93.8005   2343.75
-93.8652   2375
-93.7946   2406.25
-93.6711   2437.5
-93.8416   2468.75
-93.7593   2500
-93.4889   2531.25
-93.6006   2562.5
-93.5771   2593.75
-93.4242   2625
-93.53   2656.25
-94.0533   2687.5
-94.0357   2718.75
-93.3654   2750
-93.1243   2781.25
-93.5594   2812.5
-93.9592   2843.75
-94.1591   2875
-93.9416   2906.25
-93.9004   2937.5
-93.9416   2968.75
-93.6359   3000
-93.3184   3031.25
-93.9122   3062.5
-94.2238   3093.75
-94.1415   3125
-93.9357   3156.25
-93.5712   3187.5
-93.677   3218.75
-93.8652   3250
-93.5183   3281.25
-93.2302   3312.5
-93.3125   3343.75
-93.5124   3375
-93.6711   3406.25
-93.7534   3437.5
-93.53   3468.75
-93.2419   3500
-93.4418   3531.25
-93.6065   3562.5
-93.4771   3593.75
-93.3066   3625
-93.5712   3656.25
-93.6594   3687.5
-93.3066   3718.75
-93.5829   3750
-93.871   3781.25
-93.4477   3812.5
-93.5359   3843.75
-93.7005   3875
-93.5241   3906.25
-93.6594   3937.5
-93.436   3968.75
-93.5653   4000
-93.5124   4031.25
-93.3242   4062.5
-93.5418   4093.75
-93.7417   4125
-94.1239   4156.25
-93.8769   4187.5
-93.2596   4218.75
-92.995   4250
-93.1949   4281.25
-93.7476   4312.5
-93.8181   4343.75
-93.4183   4375
-93.2243   4406.25
-93.3654   4437.5
-93.8358   4468.75
-94.1356   4500
-93.7593   4531.25
-93.5594   4562.5
-93.6888   4593.75
-93.3478   4625
-93.1831   4656.25
-93.2772   4687.5
-93.2361   4718.75
-93.4301   4750
-93.677   4781.25
-93.6535   4812.5
-93.4066   4843.75
-93.1008   4875
-93.2243   4906.25
-93.3713   4937.5
-93.4948   4968.75
-93.4948   5000
-93.4654   5031.25
-93.4007   5062.5
-93.1126   5093.75
-92.7422   5125
-93.1126   5156.25
-93.4771   5187.5
-93.483   5218.75
-93.5594   5250
-93.8475   5281.25
-93.8652   5312.5
-93.9063   5343.75
-93.5771   5375
-93.3595   5406.25
-93.0714   5437.5
-92.6246   5468.75
-92.7245   5500
-93.3419   5531.25
-93.5241   5562.5
-93.1596   5593.75
-93.5771   5625
-93.9945   5656.25
-93.8122   5687.5
-93.3713   5718.75
-93.0009   5750
-93.1361   5781.25
-93.2772   5812.5
-93.042   5843.75
-93.2478   5875
-93.677   5906.25
-93.971   5937.5
-93.5947   5968.75
-93.5183   6000
-93.8475   6031.25
-93.4595   6062.5
-93.3536   6093.75
-93.0655   6125
-93.2537   6156.25
-93.53   6187.5
-93.53   6218.75
-93.4771   6250
-93.383   6281.25
-92.9832   6312.5
-92.8656   6343.75
-92.9127   6375
-93.1596   6406.25
-93.3301   6437.5
-93.3713   6468.75
-93.5653   6500
-93.6182   6531.25
-93.6065   6562.5
-93.8122   6593.75
-93.871   6625
-93.6241   6656.25
-93.2478   6687.5
-92.9597   6718.75
-93.0655   6750
-93.0479   6781.25
-92.7657   6812.5
-92.6069   6843.75
-92.3718   6875
-92.3306   6906.25
-92.6305   6937.5
-93.2125   6968.75
-93.2831   7000
-93.1243   7031.25
-92.7069   7062.5
-92.8245   7093.75
-93.1831   7125
-93.2948   7156.25
-93.336   7187.5
-93.4066   7218.75
-93.3654   7250
-93.0538   7281.25
-92.8186   7312.5
-93.189   7343.75
-93.2361   7375
-93.0185   7406.25
-93.289   7437.5
-93.3948   7468.75
-93.0538   7500
-92.9009   7531.25
-93.0244   7562.5
-93.1831   7593.75
-93.4889   7625
-93.3066   7656.25
-93.6947   7687.5
-93.7123   7718.75
-93.5241   7750
-93.336   7781.25
-93.2361   7812.5
-93.3772   7843.75
-93.3184   7875
-93.3301   7906.25
-93.4183   7937.5
-93.0303   7968.75
-93.0362   8000
-93.289   8031.25
-93.2184   8062.5
-93.1949   8093.75
-93.3242   8125
-93.3654   8156.25
-93.483   8187.5
-93.4771   8218.75
-93.3595   8250
-93.0303   8281.25
-93.0832   8312.5
-92.6834   8343.75
-92.4482   8375
-92.7481   8406.25
-92.9244   8437.5
-93.0362   8468.75
-93.0068   8500
-92.7892   8531.25
-92.5188   8562.5
-92.6246   8593.75
-92.9538   8625
-93.483   8656.25
-93.4477   8687.5
-93.2948   8718.75
-93.0949   8750
-93.0773   8781.25
-93.6065   8812.5
-93.4771   8843.75
-93.0068   8875
-92.9774   8906.25
-93.0773   8937.5
-93.1361   8968.75
-93.0655   9000
-92.6599   9031.25
-92.7245   9062.5
-92.9009   9093.75
-92.6716   9125
-92.46   9156.25
-93.0773   9187.5
-93.9475   9218.75
-93.5418   9250
-92.9774   9281.25
-92.7422   9312.5
-92.6246   9343.75
-92.4717   9375
-92.7775   9406.25
-93.2772   9437.5
-93.0655   9468.75
-92.7716   9500
-92.8245   9531.25
-92.8892   9562.5
-92.948   9593.75
-92.9068   9625
-93.0597   9656.25
-92.7304   9687.5
-92.4364   9718.75
-92.4306   9750
-92.7951   9781.25
-93.1655   9812.5
-93.0185   9843.75
-92.9244   9875
-93.0597   9906.25
-93.2125   9937.5
-92.8892   9968.75
-92.5834   10000
-92.4776   10031.3
-92.4717   10062.5
-92.8539   10093.8
-92.7951   10125
-92.7598   10156.3
-93.3478   10187.5
-93.0949   10218.8
-92.6657   10250
-92.848   10281.3
-92.8421   10312.5
-92.5834   10343.8
-92.6363   10375
-92.9303   10406.3
-93.3007   10437.5
-93.4183   10468.8
-93.3125   10500
-93.4301   10531.3
-93.0655   10562.5
-92.7657   10593.8
-92.6363   10625
-92.6893   10656.3
-92.5364   10687.5
-92.2659   10718.8
-92.3776   10750
-92.5952   10781.3
-92.6775   10812.5
-92.7363   10843.8
-92.6599   10875
-92.7069   10906.3
-92.8186   10937.5
-92.9362   10968.8
-92.6716   11000
-92.36   11031.3
-92.4776   11062.5
-92.5717   11093.8
-92.8715   11125
-92.948   11156.3
-93.0244   11187.5
-93.4124   11218.8
-93.1949   11250
-92.9244   11281.3
-93.1185   11312.5
-93.0068   11343.8
-92.6657   11375
-92.507   11406.3
-92.6422   11437.5
-93.0303   11468.8
-93.0126   11500
-93.1361   11531.3
-93.0479   11562.5
-93.0009   11593.8
-93.1831   11625
-92.9009   11656.3
-92.6422   11687.5
-92.6246   11718.8
-92.6834   11750
-92.7187   11781.3
-92.7892   11812.5
-92.9186   11843.8
-92.8833   11875
-92.6363   11906.3
-92.5188   11937.5
-92.5011   11968.8
-92.5482   12000
-92.554   12031.3
-92.4541   12062.5
-92.3306   12093.8
-92.3189   12125
-92.36   12156.3
-92.213   12187.5
-92.6305   12218.8
-93.0185   12250
-92.9068   12281.3
-92.701   12312.5
-92.654   12343.8
-92.7598   12375
-92.9303   12406.3
-92.8656   12437.5
-92.7539   12468.8
