%06/29/2016 1:20 PM

-46.8763   0
-50.2158   250
-60.9929   500
-80.8656   750
-83.7642   1000
-83.3761   1250
-83.823   1500
-83.8583   1750
-84.0934   2000
-84.8401   2250
-84.9989   2500
-84.7637   2750
-84.5168   3000
-84.4815   3250
-84.5991   3500
-84.6285   3750
-84.5756   4000
-84.2522   4250
-84.0405   4500
-83.9641   4750
-83.8641   5000
-83.9229   5250
-84.0934   5500
-83.9759   5750
-83.9641   6000
-83.7818   6250
-83.6936   6500
-83.6701   6750
-83.6936   7000
-83.9759   7250
-83.8818   7500
-83.6642   7750
-83.7877   8000
-84.0876   8250
-84.117   8500
-83.5996   8750
-83.2644   9000
-83.3997   9250
-83.4467   9500
-83.5702   9750
-83.7524   10000
-83.7113   10250
-83.482   10500
-83.3997   10750
-83.2703   11000
-83.3056   11250
-83.382   11500
-83.4055   11750
-83.2997   12000
-83.1762   12250
-83.2644   12500
-83.3997   12750
-83.6054   13000
-83.5173   13250
-83.4467   13500
-83.4232   13750
-83.1704   14000
-83.3585   14250
-83.4408   14500
-83.4761   14750
-83.6701   15000
-83.6054   15250
-83.2174   15500
-83.1645   15750
-83.235   16000
-83.1998   16250
-83.2821   16500
-83.382   16750
-83.1292   17000
-83.1527   17250
-83.5408   17500
-83.6878   17750
-83.7289   18000
-84.0523   18250
-83.9994   18500
-83.8759   18750
-83.676   19000
-83.5231   19250
-83.5525   19500
-83.6231   19750
-83.7348   20000
-83.7936   20250
-84.1228   20500
-84.1346   20750
-83.823   21000
-83.8347   21250
-83.5408   21500
-83.3761   21750
-83.4232   22000
-83.3467   22250
-83.2703   22500
-83.6819   22750
-84.017   23000
-83.9347   23250
-83.8994   23500
-84.117   23750
-84.1228   24000
-83.7583   24250
-83.6701   24500
-83.7289   24750
-83.8935   25000
-84.1052   25250
-83.8818   25500
-83.8641   25750
-84.3169   26000
-84.1993   26250
-83.9406   26500
-84.2992   26750
-84.3757   27000
-84.2169   27250
-84.0758   27500
-84.1287   27750
-84.1346   28000
-83.8465   28250
-83.6642   28500
-83.776   28750
-84.2639   29000
-84.3992   29250
-84.358   29500
-84.2933   29750
-84.552   30000
-84.5403   30250
-84.164   30500
-84.2933   30750
-84.1581   31000
-84.3051   31250
-84.4639   31500
-84.3463   31750
-84.4462   32000
-84.4991   32250
-84.3992   32500
-84.3757   32750
-84.2992   33000
-84.3874   33250
-84.8049   33500
-84.552   33750
-83.9288   34000
-83.7113   34250
-83.7524   34500
-83.9817   34750
-84.3639   35000
-84.3521   35250
-83.9112   35500
-83.8583   35750
-84.0229   36000
-83.8994   36250
-83.8818   36500
-83.9465   36750
-84.2875   37000
-84.3169   37250
-83.9112   37500
-83.9347   37750
-84.1111   38000
-84.0934   38250
-83.8524   38500
-83.7348   38750
-83.9288   39000
-84.0934   39250
-84.3757   39500
-84.7931   39750
-84.6696   40000
-84.6167   40250
-84.5109   40500
-84.311   40750
-84.4462   41000
-84.3933   41250
-84.3757   41500
-84.4168   41750
-84.3874   42000
-84.8343   42250
-85.187   42500
-84.9871   42750
-84.6461   43000
-84.3286   43250
-84.4639   43500
-85.2341   43750
-85.5045   44000
-85.2223   44250
-84.9812   44500
-84.7108   44750
-84.6755   45000
-84.6696   45250
-84.9107   45500
-85.2223   45750
-85.4163   46000
-85.2282   46250
-85.1282   46500
-84.8343   46750
-84.5991   47000
-84.8225   47250
-84.7578   47500
-84.6579   47750
-84.4991   48000
-84.4345   48250
-84.5814   48500
-84.8343   48750
-84.6932   49000
-84.7461   49250
-84.9871   49500
-85.0577   49750
-85.2458   50000
-85.0224   50250
-85.2282   50500
-85.4281   50750
-85.0988   51000
-84.8343   51250
-84.6873   51500
-84.946   51750
-85.4046   52000
-85.3752   52250
-84.8989   52500
-84.7225   52750
-84.9401   53000
-85.3987   53250
-85.5045   53500
-85.5633   53750
-85.6397   54000
-85.6574   54250
-85.5045   54500
-85.3987   54750
-85.2164   55000
-85.14   55250
-85.1224   55500
-85.2164   55750
-85.0518   56000
-85.2987   56250
-85.1459   56500
-85.14   56750
-85.4634   57000
-85.6104   57250
-85.5516   57500
-85.334   57750
-85.2517   58000
-85.1929   58250
-85.4046   58500
-85.2811   58750
-85.2223   59000
-85.2693   59250
-85.2929   59500
-85.287   59750
-85.2517   60000
-85.3869   60250
-85.5692   60500
-85.2223   60750
-85.04   61000
-85.1459   61250
-85.2223   61500
-85.1459   61750
-84.9871   62000
-85.0988   62250
-85.6162   62500
-85.9455   62750
-85.8397   63000
-85.4457   63250
-85.4516   63500
-85.6927   63750
-85.5045   64000
-85.2341   64250
-85.2164   64500
-85.2635   64750
-85.434   65000
-85.5751   65250
-85.7279   65500
-85.7867   65750
-85.8103   66000
-85.7162   66250
-85.8455   66500
-86.0043   66750
-86.0396   67000
-86.1865   67250
-86.1748   67500
-86.0748   67750
-85.7985   68000
-85.3752   68250
-85.4869   68500
-85.6633   68750
-86.0102   69000
-86.1748   69250
-86.116   69500
-85.9866   69750
-85.9102   70000
-85.7515   70250
-86.357   70500
-86.5746   70750
-86.2512   71000
-86.0807   71250
-85.775   71500
-85.5398   71750
-85.9749   72000
-85.7632   72250
-85.3517   72500
-85.822   72750
-86.5158   73000
-86.2806   73250
-85.9866   73500
-85.9572   73750
-85.9984   74000
-86.0337   74250
-86.1571   74500
-86.2571   74750
-86.0454   75000
-85.7573   75250
-86.0572   75500
-86.1277   75750
-85.9514   76000
-86.504   76250
-86.5863   76500
-86.5687   76750
-86.7451   77000
-86.898   77250
-86.992   77500
-86.7039   77750
-86.4982   78000
-86.2042   78250
-86.3982   78500
-86.6393   78750
-86.7098   79000
-87.0214   79250
-87.3918   79500
-87.2625   79750
-86.8568   80000
-86.8333   80250
-86.7745   80500
-86.7039   80750
-86.6628   81000
-86.1865   81250
-86.1042   81500
-86.6569   81750
-87.139   82000
-87.0626   82250
-86.7745   82500
-86.8333   82750
-87.0156   83000
-86.9156   83250
-86.8568   83500
-86.8509   83750
-86.9215   84000
-87.0802   84250
-87.0273   84500
-87.1919   84750
-87.2155   85000
-87.2449   85250
-87.0449   85500
-86.9862   85750
-86.8392   86000
-86.7804   86250
-86.8803   86500
-86.2689   86750
-85.9102   87000
-85.8279   87250
-85.4281   87500
-85.5104   87750
-85.869   88000
-86.6687   88250
-86.8862   88500
-86.1454   88750
-85.7809   89000
-86.4335   89250
-86.9274   89500
-86.116   89750
-85.4869   90000
-85.628   90250
-86.0572   90500
-86.016   90750
-86.1748   91000
-86.3394   91250
-86.016   91500
-86.3041   91750
-86.5452   92000
-86.8156   92250
-86.8744   92500
-86.3041   92750
-86.2336   93000
-86.2689   93250
-85.8103   93500
-85.0518   93750
-85.0694   94000
-85.2693   94250
-85.4634   94500
-85.8397   94750
-86.0866   95000
-86.1807   95250
-86.2395   95500
-86.2159   95750
-86.5217   96000
-86.4688   96250
-86.4041   96500
-86.5981   96750
-86.5334   97000
-86.357   97250
-86.2747   97500
-86.7392   97750
-86.4452   98000
-85.5927   98250
-85.8514   98500
-85.8926   98750
-85.969   99000
-86.4276   99250
-86.6569   99500
-86.4041   99750
