%06/29/2016 11:11 AM

-53.7494   0
-57.0889   250
-67.7955   500
-85.2105   750
-87.1743   1000
-87.6505   1250
-88.5266   1500
-88.556   1750
-88.5148   2000
-88.8852   2250
-89.0263   2500
-88.8264   2750
-88.5619   3000
-88.5207   3250
-88.4854   3500
-88.5854   3750
-88.8676   4000
-88.2973   4250
-88.262   4500
-88.5913   4750
-88.5266   5000
-88.3678   5250
-88.4619   5500
-88.3502   5750
-87.9386   6000
-87.8622   6250
-87.7564   6500
-87.3389   6750
-87.4036   7000
-87.6976   7250
-87.4154   7500
-87.092   7750
-87.0449   8000
-87.0214   8250
-87.1096   8500
-86.9685   8750
-86.7745   9000
-86.7863   9250
-86.5805   9500
-86.4982   9750
-86.2865   10000
-86.3747   10250
-86.1865   10500
-86.0102   10750
-86.2571   11000
-86.4629   11250
-86.2571   11500
-85.9749   11750
-86.2571   12000
-86.0984   12250
-85.7632   12500
-85.7221   12750
-85.6633   13000
-85.6339   13250
-85.5222   13500
-85.3164   13750
-85.1459   14000
-85.0812   14250
-84.9225   14500
-84.7578   14750
-84.7578   15000
-84.5756   15250
-84.3815   15500
-84.9166   15750
-85.1224   16000
-84.4051   16250
-84.3757   16500
-84.5638   16750
-84.2698   17000
-84.311   17250
-84.458   17500
-84.5403   17750
-84.458   18000
-84.117   18250
-84.0699   18500
-83.9935   18750
-84.0346   19000
-84.1758   19250
-83.9759   19500
-83.8994   19750
-84.0229   20000
-83.8877   20250
-83.7113   20500
-83.6231   20750
-83.235   21000
-83.0057   21250
-82.9822   21500
-83.0587   21750
-83.235   22000
-83.0587   22250
-83.2174   22500
-83.5996   22750
-83.3174   23000
-83.1762   23250
-83.0234   23500
-82.994   23750
-83.0939   24000
-82.7882   24250
-82.5119   24500
-82.7235   24750
-82.9352   25000
-83.0234   25250
-82.9705   25500
-82.7529   25750
-82.359   26000
-82.3649   26250
-82.3825   26500
-82.4295   26750
-82.4589   27000
-82.8529   27250
-83.0822   27500
-82.6059   27750
-82.5119   28000
-82.6706   28250
-82.6882   28500
-82.506   28750
-82.5295   29000
-82.2532   29250
-81.9239   29500
-81.7064   29750
-82.0062   30000
-82.406   30250
-82.1238   30500
-81.824   30750
-81.9063   31000
-82.3884   31250
-82.8646   31500
-82.4178   31750
-81.871   32000
-81.8592   32250
-82.312   32500
-82.6236   32750
-81.9768   33000
-81.5476   33250
-81.7299   33500
-81.8181   33750
-81.5535   34000
-81.771   34250
-81.8886   34500
-81.6476   34750
-81.6064   35000
-82.0885   35250
-82.1297   35500
-81.5653   35750
-81.383   36000
-81.336   36250
-81.3948   36500
-81.5711   36750
-81.577   37000
-81.577   37250
-81.7005   37500
-81.724   37750
-81.5594   38000
-81.6299   38250
-82.1297   38500
-81.9592   38750
-81.383   39000
-81.4712   39250
-81.5535   39500
-81.6241   39750
-81.9768   40000
-81.9474   40250
-81.7299   40500
-81.5476   40750
-81.5888   41000
-81.7534   41250
-81.5711   41500
-81.53   41750
-81.9709   42000
-82.0356   42250
-81.4888   42500
-81.5241   42750
-82.2002   43000
-82.312   43250
-81.6946   43500
-81.3418   43750
-81.5241   44000
-81.5359   44250
-81.4536   44500
-81.5653   44750
-81.4183   45000
-81.3066   45250
-81.6299   45500
-81.5653   45750
-81.3889   46000
-81.6005   46250
-81.5476   46500
-81.4829   46750
-81.4829   47000
-81.4594   47250
-81.3948   47500
-81.5711   47750
-81.6358   48000
-81.5241   48250
-81.0773   48500
-80.7304   48750
-80.8421   49000
-81.2066   49250
-81.6182   49500
-81.677   49750
-81.7299   50000
-81.9474   50250
-81.9945   50500
-81.5359   50750
-81.2772   51000
-81.383   51250
-81.8357   51500
-82.2414   51750
-81.7828   52000
-81.6711   52250
-81.6417   52500
-81.6829   52750
-82.1591   53000
-82.3884   53250
-81.9298   53500
-81.7416   53750
-81.8181   54000
-81.7652   54250
-81.4947   54500
-81.336   54750
-81.4536   55000
-81.6652   55250
-81.3007   55500
-81.2243   55750
-81.6182   56000
-81.6005   56250
-81.2184   56500
-80.995   56750
-81.3654   57000
-81.8004   57250
-81.6946   57500
-81.4888   57750
-81.2184   58000
-81.0302   58250
-81.2889   58500
-81.8592   58750
-82.3061   59000
-81.8651   59250
-81.1772   59500
-81.3536   59750
-81.6711   60000
-81.5065   60250
-81.5947   60500
-81.7299   60750
-81.1949   61000
-80.9773   61250
-81.3889   61500
-81.6711   61750
-81.824   62000
-81.8004   62250
-81.7769   62500
-82.0121   62750
-82.1767   63000
-81.7593   63250
-81.6005   63500
-81.5888   63750
-81.6182   64000
-81.5653   64250
-81.2125   64500
-81.1831   64750
-81.4477   65000
-81.4947   65250
-81.5123   65500
-81.5417   65750
-81.724   66000
-82.0356   66250
-82.0827   66500
-81.8828   66750
-81.5359   67000
-81.5006   67250
-81.7769   67500
-81.6476   67750
-81.677   68000
-81.5594   68250
-81.9709   68500
-82.0827   68750
-81.7299   69000
-81.7828   69250
-82.1121   69500
-81.7593   69750
-81.1419   70000
-81.1067   70250
-81.5711   70500
-81.6123   70750
-81.5594   71000
-82.1297   71250
-82.1767   71500
-81.5888   71750
-81.6887   72000
-82.2238   72250
-82.3002   72500
-81.6946   72750
-81.4359   73000
-81.6829   73250
-81.8416   73500
-81.824   73750
-81.8769   74000
-82.0533   74250
-82.3531   74500
-82.5295   74750
-82.2943   75000
-81.9768   75250
-81.5476   75500
-81.6005   75750
-82.0474   76000
-82.259   76250
-82.1062   76500
-82.1415   76750
-82.406   77000
-82.0003   77250
-81.6711   77500
-81.9063   77750
-81.771   78000
-81.6593   78250
-82.0239   78500
-82.1767   78750
-82.4295   79000
-82.7   79250
-82.2884   79500
-81.8181   79750
-81.7181   80000
-81.9827   80250
-82.0533   80500
-81.8651   80750
-82.0827   81000
-82.4766   81250
-82.4237   81500
-82.6001   81750
-82.5236   82000
-82.1532   82250
-82.1885   82500
-82.3531   82750
-82.3061   83000
-81.7887   83250
-81.7064   83500
-82.1121   83750
-82.1532   84000
-82.2179   84250
-82.359   84500
-82.2473   84750
-82.3649   85000
-82.6882   85250
-82.4178   85500
-82.2179   85750
-82.2061   86000
-82.165   86250
-82.2532   86500
-82.4589   86750
-82.5119   87000
-82.3061   87250
-82.0474   87500
-81.9533   87750
-82.1885   88000
-82.1885   88250
-82.0591   88500
-82.1356   88750
-82.4002   89000
-82.2826   89250
-82.0356   89500
-82.6412   89750
-82.7176   90000
-82.0356   90250
-82.2002   90500
-82.2061   90750
-81.9122   91000
-81.9945   91250
-82.5648   91500
-82.8352   91750
-82.3766   92000
-82.1473   92250
-82.0885   92500
-81.7828   92750
-81.577   93000
-81.383   93250
-80.9538   93500
-81.4477   93750
-82.1415   94000
-82.065   94250
-81.9063   94500
-82.0768   94750
-82.0768   95000
-81.8769   95250
-81.9651   95500
-82.2532   95750
-82.1767   96000
-82.1944   96250
-82.4648   96500
-82.2238   96750
-82.1708   97000
-82.6941   97250
-82.8999   97500
-82.5824   97750
-82.3178   98000
-82.4178   98250
-82.8235   98500
-82.3766   98750
-82.3649   99000
-82.8   99250
-82.8411   99500
-82.2767   99750
