%06/29/2016 11:11 AM

-52.1266   0
-55.4603   31.25
-66.1728   62.5
-83.0293   93.75
-83.0528   125
-86.945   156.25
-93.142   187.5
-93.0655   218.75
-92.4658   250
-93.6653   281.25
-94.5237   312.5
-96.1346   343.75
-96.8461   375
-96.6285   406.25
-96.3051   437.5
-96.6285   468.75
-97.0166   500
-97.0224   531.25
-97.0636   562.5
-97.1988   593.75
-96.6756   625
-96.2464   656.25
-96.2581   687.5
-96.7873   718.75
-96.6226   750
-96.3757   781.25
-97.0636   812.5
-97.3752   843.75
-96.8225   875
-96.2522   906.25
-96.3698   937.5
-96.1111   968.75
-96.0347   1000
-96.0817   1031.25
-96.7108   1062.5
-96.458   1093.75
-95.9347   1125
-96.458   1156.25
-96.6991   1187.5
-96.7814   1218.75
-96.5991   1250
-96.605   1281.25
-96.4874   1312.5
-96.5286   1343.75
-96.7755   1375
-96.9343   1406.25
-96.8402   1437.5
-96.8167   1468.75
-96.9343   1500
-96.6697   1531.25
-96.7579   1562.5
-96.9989   1593.75
-97.1048   1625
-97.0989   1656.25
-96.9049   1687.5
-97.0224   1718.75
-97.5692   1750
-97.4752   1781.25
-97.3929   1812.5
-97.2988   1843.75
-97.1165   1875
-96.9519   1906.25
-96.8578   1937.5
-96.799   1968.75
-96.9225   2000
-97.0166   2031.25
-97.0224   2062.5
-97.2753   2093.75
-97.0518   2125
-96.7579   2156.25
-96.6932   2187.5
-97.1342   2218.75
-97.0224   2250
-96.6697   2281.25
-96.6991   2312.5
-96.8872   2343.75
-97.3047   2375
-97.628   2406.25
-97.5751   2437.5
-97.4223   2468.75
-97.3576   2500
-97.387   2531.25
-97.6222   2562.5
-97.5046   2593.75
-97.4634   2625
-97.6986   2656.25
-97.7045   2687.5
-97.1342   2718.75
-96.7873   2750
-96.8813   2781.25
-96.5697   2812.5
-96.9519   2843.75
-96.9872   2875
-96.9637   2906.25
-96.8637   2937.5
-96.5521   2968.75
-96.7755   3000
-97.4281   3031.25
-97.2694   3062.5
-96.5991   3093.75
-96.7285   3125
-97.1636   3156.25
-97.0636   3187.5
-96.8696   3218.75
-97.1577   3250
-97.093   3281.25
-96.6991   3312.5
-96.3287   3343.75
-96.6403   3375
-97.1518   3406.25
-97.0695   3437.5
-96.7755   3468.75
-96.5874   3500
-96.7637   3531.25
-97.093   3562.5
-97.1577   3593.75
-96.8755   3625
-96.9754   3656.25
-96.5932   3687.5
-96.5991   3718.75
-97.0342   3750
-96.7637   3781.25
-96.2875   3812.5
-96.5521   3843.75
-96.9813   3875
-96.6344   3906.25
-96.6579   3937.5
-96.6991   3968.75
-96.6873   4000
-96.5344   4031.25
-96.3992   4062.5
-96.3933   4093.75
-96.605   4125
-96.799   4156.25
-97.1871   4187.5
-97.2165   4218.75
-96.9872   4250
-96.8872   4281.25
-96.9343   4312.5
-97.1518   4343.75
-97.1048   4375
-96.7285   4406.25
-95.9465   4437.5
-96.2993   4468.75
-97.2929   4500
-97.7339   4531.25
-97.5046   4562.5
-97.534   4593.75
-97.3047   4625
-96.5462   4656.25
-96.3287   4687.5
-96.4933   4718.75
-96.6873   4750
-96.8872   4781.25
-96.7226   4812.5
-96.458   4843.75
-96.4992   4875
-96.6109   4906.25
-96.6344   4937.5
-96.8519   4968.75
-97.046   5000
-96.7285   5031.25
-96.5227   5062.5
-96.6991   5093.75
-96.6932   5125
-96.8519   5156.25
-96.7167   5187.5
-96.8284   5218.75
-96.5109   5250
-96.8461   5281.25
-96.9225   5312.5
-96.4169   5343.75
-96.1817   5375
-96.2816   5406.25
-96.4286   5437.5
-96.5168   5468.75
-96.4815   5500
-96.4992   5531.25
-96.7402   5562.5
-96.5051   5593.75
-96.2464   5625
-96.3933   5656.25
-96.07   5687.5
-96.4521   5718.75
-96.9989   5750
-97.2517   5781.25
-96.8461   5812.5
-96.6991   5843.75
-96.4698   5875
-96.4404   5906.25
-96.4521   5937.5
-95.8289   5968.75
-96.2228   6000
-96.6403   6031.25
-96.7579   6062.5
-96.2934   6093.75
-96.2993   6125
-96.2111   6156.25
-96.2111   6187.5
-96.0112   6218.75
-95.8995   6250
-96.2111   6281.25
-96.1993   6312.5
-96.3933   6343.75
-96.3875   6375
-96.4874   6406.25
-96.3287   6437.5
-96.1229   6468.75
-95.8407   6500
-95.7466   6531.25
-95.7113   6562.5
-95.8407   6593.75
-96.1229   6625
-96.3992   6656.25
-96.5286   6687.5
-96.0523   6718.75
-95.6466   6750
-95.8642   6781.25
-95.9818   6812.5
-95.9877   6843.75
-96.2228   6875
-96.5403   6906.25
-96.7108   6937.5
-96.3345   6968.75
-96.1229   7000
-96.3933   7031.25
-96.1758   7062.5
-95.9583   7093.75
-96.0112   7125
-96.2875   7156.25
-96.5344   7187.5
-95.8289   7218.75
-95.5761   7250
-95.5585   7281.25
-95.6466   7312.5
-96.4874   7343.75
-96.7344   7375
-96.1405   7406.25
-95.9465   7437.5
-95.8759   7468.75
-96.2346   7500
-96.3228   7531.25
-96.3992   7562.5
-95.9641   7593.75
-95.5467   7625
-95.7113   7656.25
-96.0817   7687.5
-95.8407   7718.75
-96.0112   7750
-95.9877   7781.25
-95.6702   7812.5
-95.7878   7843.75
-95.8818   7875
-96.2228   7906.25
-96.2758   7937.5
-95.8583   7968.75
-95.8113   8000
-96.0347   8031.25
-95.5467   8062.5
-95.4232   8093.75
-95.8407   8125
-96.3228   8156.25
-96.0758   8187.5
-96.1229   8218.75
-96.1346   8250
-96.0582   8281.25
-96.4169   8312.5
-96.4757   8343.75
-96.1934   8375
-95.7995   8406.25
-95.2468   8437.5
-95.6172   8468.75
-96.0994   8500
-95.8701   8531.25
-95.6408   8562.5
-95.5702   8593.75
-95.4879   8625
-95.6584   8656.25
-95.6525   8687.5
-95.9994   8718.75
-95.9171   8750
-95.7054   8781.25
-95.5526   8812.5
-95.5702   8843.75
-95.6172   8875
-95.6819   8906.25
-94.9881   8937.5
-94.5472   8968.75
-95.1292   9000
-95.7466   9031.25
-95.7407   9062.5
-95.5173   9093.75
-95.676   9125
-95.2939   9156.25
-94.8764   9187.5
-95.1116   9218.75
-95.0587   9250
-95.0058   9281.25
-95.1469   9312.5
-95.0587   9343.75
-95.1998   9375
-95.4879   9406.25
-95.3879   9437.5
-95.1292   9468.75
-95.1645   9500
-95.241   9531.25
-95.1469   9562.5
-95.4526   9593.75
-95.1822   9625
-94.9764   9656.25
-95.2351   9687.5
-95.094   9718.75
-95.0058   9750
-95.2351   9781.25
-95.1998   9812.5
-95.1057   9843.75
-95.4056   9875
-95.7466   9906.25
-95.9289   9937.5
-95.9641   9968.75
-95.776   10000
-95.4291   10031.3
-95.4761   10062.5
-95.3879   10093.8
-94.8118   10125
-94.7588   10156.3
-94.9352   10187.5
-95.1763   10218.8
-95.5349   10250
-95.5114   10281.3
-95.2998   10312.5
-94.9646   10343.8
-94.8294   10375
-94.8823   10406.3
-95.1763   10437.5
-95.3703   10468.8
-95.3233   10500
-95.1939   10531.3
-95.3703   10562.5
-95.1469   10593.8
-94.8059   10625
-94.9235   10656.3
-94.8706   10687.5
-94.8823   10718.8
-95.1292   10750
-95.188   10781.3
-94.8941   10812.5
-94.6589   10843.8
-94.8882   10875
-95.0058   10906.3
-95.288   10937.5
-95.2645   10968.8
-94.7882   11000
-94.7059   11031.3
-94.6001   11062.5
-94.4237   11093.8
-94.7177   11125
-95.1469   11156.3
-95.4526   11187.5
-95.1822   11218.8
-95.2762   11250
-95.2939   11281.3
-94.6354   11312.5
-94.2062   11343.8
-94.3767   11375
-94.7059   11406.3
-95.0175   11437.5
-94.5766   11468.8
-94.312   11500
-94.5589   11531.3
-94.2767   11562.5
-94.3061   11593.8
-94.8235   11625
-95.0058   11656.3
-95.0646   11687.5
-94.7236   11718.8
-94.506   11750
-94.4472   11781.3
-94.3355   11812.5
-94.359   11843.8
-94.4472   11875
-94.4002   11906.3
-94.4296   11937.5
-94.7412   11968.8
-95.0469   12000
-94.5825   12031.3
-94.2767   12062.5
-94.5825   12093.8
-94.8   12125
-94.6765   12156.3
-94.7824   12187.5
-94.5413   12218.8
-93.9475   12250
-94.2826   12281.3
-94.9   12312.5
-94.8588   12343.8
-94.7588   12375
-94.8118   12406.3
-94.7412   12437.5
-94.5119   12468.8
