%06/29/2016 10:12 AM

-52.7793   0
-56.013   31.25
-65.6024   62.5
-74.0865   93.75
-75.9974   125
-75.6505   156.25
-75.2389   187.5
-76.7264   218.75
-77.7201   250
-77.5848   281.25
-77.8612   312.5
-79.043   343.75
-79.7485   375
-79.9425   406.25
-80.454   437.5
-81.43   468.75
-81.4006   500
-80.7421   531.25
-81.4183   562.5
-82.3943   593.75
-81.8063   625
-81.6476   656.25
-82.5824   687.5
-81.9357   718.75
-80.6539   750
-80.4776   781.25
-81.871   812.5
-81.9709   843.75
-80.9656   875
-81.3242   906.25
-83.0587   937.5
-83.0057   968.75
-81.7828   1000
-82.2826   1031.25
-83.6936   1062.5
-82.9352   1093.75
-82.1003   1125
-82.994   1156.25
-84.3345   1187.5
-84.1228   1218.75
-84.0346   1250
-84.5168   1281.25
-85.4046   1312.5
-85.1459   1343.75
-84.8578   1375
-85.8867   1406.25
-86.3394   1437.5
-85.8984   1468.75
-86.0925   1500
-87.1449   1531.25
-87.5859   1562.5
-87.3683   1593.75
-87.2801   1625
-87.6858   1656.25
-87.5859   1687.5
-87.5447   1718.75
-88.115   1750
-88.6736   1781.25
-89.0087   1812.5
-89.0499   1843.75
-89.2733   1875
-89.4614   1906.25
-89.532   1937.5
-89.2556   1968.75
-89.3203   2000
-89.6437   2031.25
-89.6143   2062.5
-89.6672   2093.75
-89.8789   2125
-89.8906   2156.25
-89.8847   2187.5
-89.8377   2218.75
-90.2552   2250
-90.3433   2281.25
-89.9435   2312.5
-90.3081   2343.75
-90.9019   2375
-90.7961   2406.25
-90.4021   2437.5
-90.4786   2468.75
-90.702   2500
-90.5491   2531.25
-90.2904   2562.5
-90.1023   2593.75
-90.5256   2625
-90.8372   2656.25
-90.9548   2687.5
-91.5016   2718.75
-92.1836   2750
-91.9426   2781.25
-91.825   2812.5
-91.6545   2843.75
-91.2899   2875
-91.2547   2906.25
-91.5192   2937.5
-92.0484   2968.75
-91.7956   3000
-91.3899   3031.25
-91.3193   3062.5
-91.6427   3093.75
-92.1542   3125
-92.4188   3156.25
-92.36   3187.5
-92.6187   3218.75
-92.6128   3250
-92.3247   3281.25
-92.3365   3312.5
-92.7069   3343.75
-92.6657   3375
-92.5717   3406.25
-92.7304   3437.5
-92.9597   3468.75
-92.8598   3500
-92.7422   3531.25
-92.9656   3562.5
-93.1655   3593.75
-92.8186   3625
-92.2953   3656.25
-92.6363   3687.5
-93.042   3718.75
-92.3483   3750
-92.5599   3781.25
-93.2067   3812.5
-92.4482   3843.75
-91.872   3875
-92.6422   3906.25
-93.5477   3937.5
-93.9298   3968.75
-93.5888   4000
-93.142   4031.25
-93.3889   4062.5
-93.189   4093.75
-92.8774   4125
-92.8774   4156.25
-93.1126   4187.5
-93.7064   4218.75
-93.9004   4250
-93.6123   4281.25
-93.4007   4312.5
-93.5241   4343.75
-93.7534   4375
-93.9651   4406.25
-94.5942   4437.5
-94.6413   4468.75
-94.5589   4500
-94.1003   4531.25
-94.0474   4562.5
-93.824   4593.75
-94.1121   4625
-94.5413   4656.25
-94.0592   4687.5
-93.9534   4718.75
-94.3296   4750
-94.0004   4781.25
-93.9886   4812.5
-94.1239   4843.75
-94.2473   4875
-94.459   4906.25
-94.412   4937.5
-94.0063   4968.75
-94.0768   5000
-94.8706   5031.25
-94.6706   5062.5
-94.6001   5093.75
-94.947   5125
-94.7706   5156.25
-94.6471   5187.5
-94.6119   5218.75
-93.8887   5250
-93.2655   5281.25
-93.5535   5312.5
-94.1003   5343.75
-94.3649   5375
-94.1533   5406.25
-94.0827   5437.5
-94.312   5468.75
-94.5707   5500
-94.459   5531.25
-94.3238   5562.5
-94.1062   5593.75
-93.824   5625
-93.5535   5656.25
-93.7064   5687.5
-94.1709   5718.75
-94.7236   5750
-94.6648   5781.25
-94.5295   5812.5
-94.1415   5843.75
-94.4943   5875
-94.9705   5906.25
-95.335   5937.5
-94.9293   5968.75
-94.6942   6000
-94.8353   6031.25
-94.7647   6062.5
-94.6354   6093.75
-94.5413   6125
-94.6824   6156.25
-95.1351   6187.5
-95.6702   6218.75
-95.729   6250
-95.1234   6281.25
-94.8764   6312.5
-94.6824   6343.75
-94.6648   6375
-94.7765   6406.25
-95.0822   6437.5
-95.241   6468.75
-94.7353   6500
-94.3767   6531.25
-94.8176   6562.5
-95.1234   6593.75
-95.3292   6625
-95.241   6656.25
-95.335   6687.5
-95.241   6718.75
-95.2233   6750
-95.5349   6781.25
-95.3879   6812.5
-95.1292   6843.75
-95.1822   6875
-95.482   6906.25
-95.5879   6937.5
-95.2821   6968.75
-95.2704   7000
-94.8882   7031.25
-94.9705   7062.5
-95.141   7093.75
-94.9411   7125
-94.9881   7156.25
-95.3174   7187.5
-95.7995   7218.75
-95.4879   7250
-94.8059   7281.25
-94.753   7312.5
-95.5408   7343.75
-95.7348   7375
-95.5055   7406.25
-95.4703   7437.5
-95.2939   7468.75
-95.3527   7500
-95.7525   7531.25
-95.776   7562.5
-95.6937   7593.75
-95.823   7625
-95.6466   7656.25
-95.4761   7687.5
-95.2998   7718.75
-95.3292   7750
-95.4409   7781.25
-95.7819   7812.5
-95.7584   7843.75
-95.676   7875
-95.6702   7906.25
-96.0994   7937.5
-95.6937   7968.75
-95.5702   8000
-95.3879   8031.25
-95.1057   8062.5
-95.4761   8093.75
-95.9759   8125
-96.0229   8156.25
-95.5643   8187.5
-95.5996   8218.75
-95.6114   8250
-96.0112   8281.25
-96.0171   8312.5
-95.8818   8343.75
-95.5937   8375
-95.3233   8406.25
-95.2174   8437.5
-95.1704   8468.75
-95.5702   8500
-95.4115   8531.25
-95.3644   8562.5
-95.4291   8593.75
-95.6878   8625
-95.9641   8656.25
-95.5467   8687.5
-95.2645   8718.75
-95.7642   8750
-96.1111   8781.25
-95.4409   8812.5
-94.9352   8843.75
-95.4938   8875
-95.6349   8906.25
-95.4703   8937.5
-95.482   8968.75
-95.4115   9000
-95.0881   9031.25
-95.0469   9062.5
-94.8882   9093.75
-95.0646   9125
-95.2233   9156.25
-95.5055   9187.5
-95.4291   9218.75
-95.2233   9250
-95.4409   9281.25
-95.9171   9312.5
-96.1876   9343.75
-95.9994   9375
-95.6055   9406.25
-95.5526   9437.5
-95.4291   9468.75
-95.5114   9500
-95.9171   9531.25
-96.2464   9562.5
-95.7584   9593.75
-95.6408   9625
-95.6819   9656.25
-95.7936   9687.5
-95.629   9718.75
-95.8995   9750
-95.8759   9781.25
-95.7995   9812.5
-95.8289   9843.75
-95.5055   9875
-95.4585   9906.25
-95.5114   9937.5
-95.4585   9968.75
-95.7642   10000
-96.1993   10031.3
-96.1699   10062.5
-96.5697   10093.8
-96.4345   10125
-95.8936   10156.3
-95.7584   10187.5
-95.6408   10218.8
-95.6525   10250
-96.0994   10281.3
-96.8343   10312.5
-96.6109   10343.8
-96.3522   10375
-96.1052   10406.3
-95.8642   10437.5
-95.823   10468.8
-95.9171   10500
-95.4232   10531.3
-95.5585   10562.5
-95.7701   10593.8
-95.094   10625
-94.7882   10656.3
-95.1116   10687.5
-95.5702   10718.8
-96.0053   10750
-96.5344   10781.3
-96.3639   10812.5
-96.2228   10843.8
-95.8701   10875
-95.7584   10906.3
-96.1111   10937.5
-96.5344   10968.8
-96.9872   11000
-96.4815   11031.3
-95.8701   11062.5
-95.8583   11093.8
-96.2993   11125
-96.3933   11156.3
-96.3287   11187.5
-96.0171   11218.8
-95.9171   11250
-96.117   11281.3
-96.1758   11312.5
-96.2522   11343.8
-96.0288   11375
-96.0053   11406.3
-96.2346   11437.5
-96.5051   11468.8
-96.3169   11500
-96.0582   11531.3
-96.2758   11562.5
-96.2346   11593.8
-96.217   11625
-96.2522   11656.3
-96.0582   11687.5
-95.9347   11718.8
-96.0758   11750
-96.5991   11781.3
-96.2346   11812.5
-95.7819   11843.8
-95.8113   11875
-95.5408   11906.3
-95.6231   11937.5
-95.8172   11968.8
-95.8465   12000
-95.5761   12031.3
-95.2468   12062.5
-95.4173   12093.8
-95.9818   12125
-96.1523   12156.3
-95.7407   12187.5
-95.9759   12218.8
-95.9818   12250
-96.264   12281.3
-96.8519   12312.5
-96.5874   12343.8
-96.1052   12375
-95.8348   12406.3
-95.7642   12437.5
-95.7878   12468.8
