%06/29/2016 10:01 AM

-49.7807   0
-53.1144   31.25
-63.6504   62.5
-70.9528   93.75
-69.1948   125
-70.4824   156.25
-71.0762   187.5
-74.6627   218.75
-77.8141   250
-76.8088   281.25
-76.6382   312.5
-79.4016   343.75
-80.7186   375
-80.0484   406.25
-80.0778   437.5
-80.4952   468.75
-80.5481   500
-80.2189   531.25
-79.5604   562.5
-79.2076   593.75
-79.8132   625
-80.0425   656.25
-78.5432   687.5
-77.6201   718.75
-78.0082   750
-77.7024   781.25
-77.2615   812.5
-77.5084   843.75
-78.9783   875
-79.7485   906.25
-79.2252   937.5
-79.578   968.75
-80.8891   1000
-80.9068   1031.25
-80.3952   1062.5
-80.8303   1093.75
-82.065   1125
-82.3766   1156.25
-81.9004   1187.5
-82.8529   1218.75
-84.2933   1250
-84.0346   1281.25
-83.4291   1312.5
-84.117   1343.75
-84.7637   1375
-84.6461   1406.25
-84.993   1437.5
-86.0513   1468.75
-87.3213   1500
-87.8387   1531.25
-87.5859   1562.5
-87.4683   1593.75
-87.9798   1625
-88.409   1656.25
-88.4501   1687.5
-88.8264   1718.75
-88.8323   1750
-88.9911   1781.25
-89.7084   1812.5
-89.7201   1843.75
-89.1263   1875
-88.9499   1906.25
-89.3203   1937.5
-89.6496   1968.75
-89.2439   2000
-89.2792   2031.25
-90.3786   2062.5
-90.7373   2093.75
-90.1317   2125
-89.8789   2156.25
-89.7495   2187.5
-89.8318   2218.75
-89.773   2250
-89.9318   2281.25
-90.4903   2312.5
-90.6902   2343.75
-90.7138   2375
-91.0136   2406.25
-91.3781   2437.5
-91.7603   2468.75
-91.5134   2500
-91.5545   2531.25
-92.0602   2562.5
-92.2895   2593.75
-92.4894   2625
-93.0479   2656.25
-93.1008   2687.5
-92.895   2718.75
-92.46   2750
-92.2307   2781.25
-92.36   2812.5
-92.1954   2843.75
-92.1425   2875
-92.3424   2906.25
-92.6657   2937.5
-92.5482   2968.75
-92.5776   3000
-93.0185   3031.25
-93.0479   3062.5
-92.895   3093.75
-93.0362   3125
-93.142   3156.25
-92.9774   3187.5
-92.8069   3218.75
-93.1008   3250
-93.6182   3281.25
-93.7358   3312.5
-93.4183   3343.75
-93.2948   3375
-93.2772   3406.25
-93.0832   3437.5
-92.9832   3468.75
-92.9009   3500
-93.2831   3531.25
-93.9416   3562.5
-94.4355   3593.75
-94.5178   3625
-94.4002   3656.25
-94.1121   3687.5
-94.212   3718.75
-94.2885   3750
-94.0121   3781.25
-93.7476   3812.5
-94.0474   3843.75
-94.5237   3875
-94.6295   3906.25
-94.6648   3937.5
-94.3826   3968.75
-94.1709   4000
-94.265   4031.25
-94.3649   4062.5
-94.0592   4093.75
-93.6359   4125
-93.5829   4156.25
-93.9534   4187.5
-94.6119   4218.75
-95.0175   4250
-95.5408   4281.25
-95.0352   4312.5
-94.459   4343.75
-94.6706   4375
-94.8   4406.25
-95.1175   4437.5
-95.3233   4468.75
-95.1586   4500
-94.6942   4531.25
-94.7059   4562.5
-94.9881   4593.75
-94.9999   4625
-94.7236   4656.25
-94.5648   4687.5
-94.6471   4718.75
-94.7824   4750
-94.7588   4781.25
-94.7824   4812.5
-95.2704   4843.75
-95.5937   4875
-95.6055   4906.25
-95.6937   4937.5
-95.776   4968.75
-95.4173   5000
-95.0705   5031.25
-95.241   5062.5
-95.5879   5093.75
-95.0352   5125
-94.7647   5156.25
-95.1469   5187.5
-95.2998   5218.75
-95.4173   5250
-95.1351   5281.25
-95.1998   5312.5
-95.5291   5343.75
-96.1405   5375
-95.97   5406.25
-95.5643   5437.5
-95.6466   5468.75
-96.0288   5500
-96.1758   5531.25
-95.8701   5562.5
-95.7819   5593.75
-95.4761   5625
-95.1763   5656.25
-95.6525   5687.5
-96.2581   5718.75
-95.7878   5750
-95.3762   5781.25
-95.729   5812.5
-95.8172   5843.75
-96.3287   5875
-96.2052   5906.25
-95.8113   5937.5
-95.7172   5968.75
-95.6702   6000
-95.8936   6031.25
-96.0994   6062.5
-95.823   6093.75
-95.6819   6125
-95.9406   6156.25
-95.9818   6187.5
-96.1052   6218.75
-95.9406   6250
-95.9112   6281.25
-95.9053   6312.5
-95.8172   6343.75
-96.2581   6375
-96.264   6406.25
-95.9289   6437.5
-95.9818   6468.75
-96.5991   6500
-96.7814   6531.25
-96.1699   6562.5
-95.9877   6593.75
-95.8759   6625
-95.9289   6656.25
-95.7231   6687.5
-95.9112   6718.75
-96.0994   6750
-96.3404   6781.25
-96.4698   6812.5
-96.605   6843.75
-96.4521   6875
-96.0582   6906.25
-96.1817   6937.5
-96.3051   6968.75
-96.1111   7000
-96.3933   7031.25
-96.3051   7062.5
-96.1052   7093.75
-96.4815   7125
-97.0518   7156.25
-97.0577   7187.5
-96.7461   7218.75
-96.8637   7250
-96.5344   7281.25
-96.3463   7312.5
-96.3345   7343.75
-96.4169   7375
-96.7167   7406.25
-96.9049   7437.5
-96.4169   7468.75
-96.3463   7500
-96.4933   7531.25
-96.7402   7562.5
-96.9813   7593.75
-96.3933   7625
-95.9406   7656.25
-96.3698   7687.5
-96.8461   7718.75
-96.8519   7750
-96.7637   7781.25
-96.7755   7812.5
-96.5991   7843.75
-96.6756   7875
-97.1283   7906.25
-97.2165   7937.5
-96.9637   7968.75
-96.5462   8000
-96.4404   8031.25
-96.558   8062.5
-97.0636   8093.75
-96.993   8125
-97.0636   8156.25
-96.7814   8187.5
-96.7931   8218.75
-96.4698   8250
-96.1817   8281.25
-96.2052   8312.5
-96.7579   8343.75
-96.8343   8375
-96.3992   8406.25
-96.5462   8437.5
-96.9049   8468.75
-97.093   8500
-97.1518   8531.25
-97.3047   8562.5
-97.2694   8593.75
-96.6814   8625
-96.4463   8656.25
-96.5815   8687.5
-96.8167   8718.75
-96.9637   8750
-96.9107   8781.25
-97.14   8812.5
-96.5991   8843.75
-96.264   8875
-96.6226   8906.25
-96.9225   8937.5
-96.8578   8968.75
-96.6932   9000
-96.5344   9031.25
-96.6991   9062.5
-96.8108   9093.75
-97.093   9125
-97.387   9156.25
-96.9343   9187.5
-96.4757   9218.75
-96.217   9250
-96.6168   9281.25
-96.3522   9312.5
-96.1346   9343.75
-96.7167   9375
-97.1048   9406.25
-97.1518   9437.5
-96.7344   9468.75
-96.6168   9500
-96.5286   9531.25
-96.7285   9562.5
-96.7461   9593.75
-96.5403   9625
-96.6403   9656.25
-96.9754   9687.5
-97.481   9718.75
-97.046   9750
-96.9225   9781.25
-96.8343   9812.5
-96.9637   9843.75
-96.9637   9875
-96.8343   9906.25
-96.6403   9937.5
-96.6756   9968.75
-96.6932   10000
-96.4757   10031.3
-96.5874   10062.5
-96.8578   10093.8
-96.9343   10125
-96.7344   10156.3
-96.8343   10187.5
-96.6638   10218.8
-96.4286   10250
-96.705   10281.3
-96.8108   10312.5
-96.9637   10343.8
-96.9519   10375
-96.9107   10406.3
-96.6756   10437.5
-96.4933   10468.8
-96.7108   10500
-96.4815   10531.3
-96.5815   10562.5
-97.0989   10593.8
-97.3517   10625
-97.0577   10656.3
-96.7402   10687.5
-96.7579   10718.8
-96.9401   10750
-97.0107   10781.3
-97.0989   10812.5
-96.7402   10843.8
-96.2699   10875
-96.1876   10906.3
-96.5874   10937.5
-97.0754   10968.8
-97.0401   11000
-97.0342   11031.3
-96.7637   11062.5
-96.7108   11093.8
-96.9107   11125
-97.0577   11156.3
-96.9225   11187.5
-96.7755   11218.8
-97.0166   11250
-96.7873   11281.3
-96.6814   11312.5
-96.6344   11343.8
-96.5932   11375
-96.7344   11406.3
-97.1283   11437.5
-97.481   11468.8
-96.8167   11500
-96.4463   11531.3
-96.7873   11562.5
-97.1048   11593.8
-96.9519   11625
-96.8402   11656.3
-97.0107   11687.5
-97.2047   11718.8
-97.0224   11750
-96.5168   11781.3
-96.4757   11812.5
-96.4874   11843.8
-96.4933   11875
-96.7167   11906.3
-96.946   11937.5
-96.993   11968.8
-96.8343   12000
-96.946   12031.3
-96.9754   12062.5
-96.7637   12093.8
-96.9049   12125
-96.5756   12156.3
-96.705   12187.5
-96.993   12218.8
-96.9401   12250
-97.0577   12281.3
-96.9637   12312.5
-96.9225   12343.8
-96.5932   12375
-96.6285   12406.3
-97.193   12437.5
-97.093   12468.8
