%06/29/2016 1:07 PM

-49.7161   0
-53.0497   31.25
-63.7974   62.5
-82.3296   93.75
-83.6172   125
-87.8328   156.25
-95.4173   187.5
-95.3233   218.75
-95.1116   250
-95.9347   281.25
-96.1405   312.5
-97.14   343.75
-96.8167   375
-95.8054   406.25
-96.1229   437.5
-96.5227   468.75
-96.117   500
-96.217   531.25
-96.0817   562.5
-95.4409   593.75
-95.4232   625
-95.2468   656.25
-94.4884   687.5
-93.8652   718.75
-94.0651   750
-94.0239   781.25
-93.8769   812.5
-93.8887   843.75
-94.0533   875
-94.1944   906.25
-94.1885   937.5
-93.7534   968.75
-93.6123   1000
-93.7593   1031.25
-93.5359   1062.5
-93.3713   1093.75
-93.3301   1125
-93.1185   1156.25
-92.5893   1187.5
-92.4658   1218.75
-92.7892   1250
-92.9362   1281.25
-92.5129   1312.5
-93.142   1343.75
-93.6888   1375
-93.4477   1406.25
-93.1537   1437.5
-93.2125   1468.75
-93.4418   1500
-93.5888   1531.25
-93.63   1562.5
-93.8652   1593.75
-93.7123   1625
-93.4889   1656.25
-94.0886   1687.5
-94.9117   1718.75
-94.7706   1750
-94.5589   1781.25
-94.5825   1812.5
-94.5295   1843.75
-94.5413   1875
-94.7   1906.25
-94.9117   1937.5
-95.0999   1968.75
-94.994   2000
-94.7059   2031.25
-94.7294   2062.5
-95.1292   2093.75
-95.1939   2125
-95.0763   2156.25
-95.094   2187.5
-95.1234   2218.75
-94.7118   2250
-94.6942   2281.25
-94.9705   2312.5
-95.2998   2343.75
-95.0822   2375
-95.188   2406.25
-95.3586   2437.5
-95.4585   2468.75
-95.6408   2500
-95.5761   2531.25
-95.5467   2562.5
-95.4409   2593.75
-95.3527   2625
-95.3174   2656.25
-95.6643   2687.5
-95.776   2718.75
-95.3174   2750
-94.9646   2781.25
-94.9058   2812.5
-95.3174   2843.75
-95.3821   2875
-95.3468   2906.25
-95.3879   2937.5
-95.2527   2968.75
-95.1057   3000
-95.2116   3031.25
-94.9881   3062.5
-94.5119   3093.75
-94.8764   3125
-95.2586   3156.25
-95.3115   3187.5
-95.0469   3218.75
-94.6001   3250
-94.3414   3281.25
-94.3473   3312.5
-94.7059   3343.75
-95.1586   3375
-95.3879   3406.25
-95.1175   3437.5
-94.8823   3468.75
-94.7   3500
-94.8647   3531.25
-94.9881   3562.5
-94.9352   3593.75
-95.1116   3625
-95.2704   3656.25
-94.7765   3687.5
-94.2767   3718.75
-94.5413   3750
-95.188   3781.25
-95.2174   3812.5
-94.9529   3843.75
-95.3527   3875
-95.6114   3906.25
-95.5467   3937.5
-95.2645   3968.75
-95.3879   4000
-95.4173   4031.25
-95.3056   4062.5
-95.0881   4093.75
-94.8235   4125
-94.5883   4156.25
-95.0763   4187.5
-95.335   4218.75
-95.5349   4250
-95.5349   4281.25
-95.3056   4312.5
-95.0763   4343.75
-95.0646   4375
-95.0587   4406.25
-94.8294   4437.5
-94.5825   4468.75
-94.7471   4500
-94.8823   4531.25
-94.8412   4562.5
-94.5648   4593.75
-94.7765   4625
-95.2939   4656.25
-95.3292   4687.5
-95.0175   4718.75
-94.8353   4750
-94.8412   4781.25
-94.9705   4812.5
-94.8235   4843.75
-94.4413   4875
-94.3826   4906.25
-94.3708   4937.5
-94.459   4968.75
-94.6177   5000
-94.5413   5031.25
-95.1704   5062.5
-95.3821   5093.75
-95.1175   5125
-94.9117   5156.25
-95.2762   5187.5
-95.2174   5218.75
-95.0352   5250
-95.0999   5281.25
-95.2174   5312.5
-95.0587   5343.75
-94.7236   5375
-95.2468   5406.25
-95.4115   5437.5
-94.8588   5468.75
-94.753   5500
-94.8412   5531.25
-94.9587   5562.5
-94.9411   5593.75
-94.7353   5625
-94.5648   5656.25
-94.9352   5687.5
-94.8706   5718.75
-94.9176   5750
-94.9352   5781.25
-95.3115   5812.5
-95.5996   5843.75
-95.5702   5875
-95.482   5906.25
-95.6172   5937.5
-95.1998   5968.75
-95.0587   6000
-95.3409   6031.25
-95.3879   6062.5
-95.0469   6093.75
-94.8235   6125
-94.8412   6156.25
-94.459   6187.5
-94.4413   6218.75
-94.9764   6250
-95.2233   6281.25
-94.8647   6312.5
-94.7471   6343.75
-94.7706   6375
-95.0587   6406.25
-95.241   6437.5
-95.1822   6468.75
-95.241   6500
-95.5526   6531.25
-95.6114   6562.5
-95.4173   6593.75
-95.4526   6625
-95.2939   6656.25
-95.141   6687.5
-95.1586   6718.75
-95.3292   6750
-95.6584   6781.25
-95.4879   6812.5
-95.4879   6843.75
-95.3468   6875
-95.2233   6906.25
-95.0234   6937.5
-94.7941   6968.75
-94.7118   7000
-94.8882   7031.25
-95.1292   7062.5
-95.0058   7093.75
-94.847   7125
-94.8294   7156.25
-94.8706   7187.5
-95.1057   7218.75
-95.1763   7250
-95.2821   7281.25
-95.3586   7312.5
-95.4761   7343.75
-95.0175   7375
-94.7765   7406.25
-94.7588   7437.5
-94.7941   7468.75
-95.0058   7500
-95.0528   7531.25
-95.1763   7562.5
-95.1057   7593.75
-94.606   7625
-94.6824   7656.25
-94.5119   7687.5
-94.3532   7718.75
-94.412   7750
-94.5589   7781.25
-94.6589   7812.5
-94.506   7843.75
-94.4884   7875
-94.5531   7906.25
-94.3884   7937.5
-93.9534   7968.75
-93.9475   8000
-94.3884   8031.25
-94.7647   8062.5
-94.7588   8093.75
-95.0705   8125
-95.0587   8156.25
-95.0293   8187.5
-95.0881   8218.75
-95.0234   8250
-94.4943   8281.25
-94.3943   8312.5
-94.4002   8343.75
-94.7588   8375
-94.6824   8406.25
-94.3355   8437.5
-94.7588   8468.75
-94.9058   8500
-94.9529   8531.25
-95.3233   8562.5
-94.9823   8593.75
-94.6942   8625
-94.8176   8656.25
-94.8647   8687.5
-95.0058   8718.75
-94.7353   8750
-94.7236   8781.25
-94.4707   8812.5
-94.4766   8843.75
-94.8941   8875
-94.7236   8906.25
-94.5942   8937.5
-94.5766   8968.75
-94.6706   9000
-94.6471   9031.25
-94.6765   9062.5
-94.7118   9093.75
-94.5825   9125
-94.459   9156.25
-94.6354   9187.5
-94.847   9218.75
-94.5825   9250
-94.8059   9281.25
-95.1292   9312.5
-95.2292   9343.75
-95.482   9375
-95.3174   9406.25
-94.9117   9437.5
-94.8647   9468.75
-94.7471   9500
-94.4943   9531.25
-94.2238   9562.5
-94.1827   9593.75
-94.3061   9625
-94.412   9656.25
-94.4884   9687.5
-94.6648   9718.75
-94.8882   9750
-94.847   9781.25
-94.753   9812.5
-94.3532   9843.75
-94.606   9875
-94.9   9906.25
-95.1234   9937.5
-94.6001   9968.75
-94.3179   10000
-94.653   10031.3
-94.6648   10062.5
-94.6471   10093.8
-94.4531   10125
-94.4413   10156.3
-95.1175   10187.5
-94.9293   10218.8
-94.6589   10250
-94.5354   10281.3
-94.2767   10312.5
-94.1415   10343.8
-94.1415   10375
-94.412   10406.3
-94.5825   10437.5
-94.5119   10468.8
-94.8706   10500
-94.9058   10531.3
-94.8588   10562.5
-94.8882   10593.8
-94.5825   10625
-94.5531   10656.3
-94.5531   10687.5
-94.3708   10718.8
-94.7765   10750
-94.9   10781.3
-94.4355   10812.5
-94.2767   10843.8
-94.6706   10875
-95.2586   10906.3
-95.3409   10937.5
-95.1939   10968.8
-95.241   11000
-94.9058   11031.3
-94.3002   11062.5
-94.4531   11093.8
-94.6648   11125
-94.7118   11156.3
-94.5237   11187.5
-94.8529   11218.8
-94.8706   11250
-94.3532   11281.3
-94.3473   11312.5
-94.6177   11343.8
-94.6942   11375
-94.5648   11406.3
-94.4766   11437.5
-94.7059   11468.8
-94.5942   11500
-94.8823   11531.3
-95.1175   11562.5
-94.8706   11593.8
-94.5295   11625
-94.4825   11656.3
-94.4707   11687.5
-94.506   11718.8
-94.506   11750
-94.7353   11781.3
-94.5119   11812.5
-94.0063   11843.8
-93.9827   11875
-94.6883   11906.3
-95.1351   11937.5
-94.7236   11968.8
-94.4766   12000
-94.0768   12031.3
-94.3943   12062.5
-95.0705   12093.8
-95.1645   12125
-95.0587   12156.3
-94.7941   12187.5
-94.5766   12218.8
-94.4355   12250
-94.459   12281.3
-94.5001   12312.5
-94.5942   12343.8
-94.4355   12375
-94.4472   12406.3
-94.5119   12437.5
-94.5119   12468.8
