%01/22/2016 1:13 PM

-67.0574   0
-70.4029   250
-81.1682   500
-102.781   750
-133.684   1000
-134.325   1250
-134.93   1500
-135.33   1750
-135.354   2000
-135.371   2250
-135.612   2500
-136.141   2750
-136.371   3000
-135.977   3250
-135.359   3500
-133.643   3750
-133.225   4000
-135.23   4250
-136.1   4500
-136.042   4750
-135.953   5000
-135.959   5250
-135.853   5500
-135.818   5750
-136.053   6000
-136   6250
-135.689   6500
-135.359   6750
-134.907   7000
-135.001   7250
-133.014   7500
-130.203   7750
-131.379   8000
-134.772   8250
-135.824   8500
-135.912   8750
-135.577   9000
-135.589   9250
-135.9   9500
-135.706   9750
-135.448   10000
-135.683   10250
-135.906   10500
-135.777   10750
-135.883   11000
-135.712   11250
-134.648   11500
-134.213   11750
-135.418   12000
-135.818   12250
-135.501   12500
-135.436   12750
-135.677   13000
-136.071   13250
-135.942   13500
-135.548   13750
-135.53   14000
-135.771   14250
-135.724   14500
-135.624   14750
-135.736   15000
-135.212   15250
-133.607   15500
-133.437   15750
-134.895   16000
-135.454   16250
-135.706   16500
-135.618   16750
-135.448   17000
-135.277   17250
-135.407   17500
-136.147   17750
-136.271   18000
-136.042   18250
-135.718   18500
-135.501   18750
-135.224   19000
-134.172   19250
-133.255   19500
-134.613   19750
-135.93   20000
-135.977   20250
-136.065   20500
-136.4   20750
-135.912   21000
-135.583   21250
-135.853   21500
-135.912   21750
-135.947   22000
-136.218   22250
-136.177   22500
-136.053   22750
-135.554   23000
-133.39   23250
-132.755   23500
-134.636   23750
-135.883   24000
-136.077   24250
-135.853   24500
-135.612   24750
-135.789   25000
-135.912   25250
-135.724   25500
-135.577   25750
-135.489   26000
-135.748   26250
-136.23   26500
-135.918   26750
-133.602   27000
-131.25   27250
-132.367   27500
-134.889   27750
-135.565   28000
-135.895   28250
-136.277   28500
-136.012   28750
-135.407   29000
-135.718   29250
-135.93   29500
-135.706   29750
-135.748   30000
-135.859   30250
-135.918   30500
-135.083   30750
-131.749   31000
-130.033   31250
-132.361   31500
-135.454   31750
-135.824   32000
-135.889   32250
-136.006   32500
-135.606   32750
-135.289   33000
-135.371   33250
-135.883   33500
-136.5   33750
-136.353   34000
-136.112   34250
-135.595   34500
-134.266   34750
-132.608   35000
-132.955   35250
-134.777   35500
-135.7   35750
-136.094   36000
-136.2   36250
-136.206   36500
-136.1   36750
-136.694   37000
-136.794   37250
-136.277   37500
-136.335   37750
-136.406   38000
-136.23   38250
-135.648   38500
-133.149   38750
-132.032   39000
-134.078   39250
-136.077   39500
-136.236   39750
-135.971   40000
-135.942   40250
-136.859   40500
-136.829   40750
-136.018   41000
-135.936   41250
-136.077   41500
-135.865   41750
-135.871   42000
-136.212   42250
-135.048   42500
-133.437   42750
-134.142   43000
-135.606   43250
-135.977   43500
-135.671   43750
-135.759   44000
-135.853   44250
-135.759   44500
-135.965   44750
-136.253   45000
-136.206   45250
-135.977   45500
-135.859   45750
-135.806   46000
-135.748   46250
-134.031   46500
-132.667   46750
-133.76   47000
-135.783   47250
-136.535   47500
-136.676   47750
-136.383   48000
-135.789   48250
-135.877   48500
-136.053   48750
-135.795   49000
-135.889   49250
-135.959   49500
-136.265   49750
-136.577   50000
-135.518   50250
-133.349   50500
-132.896   50750
-134.86   51000
-136.794   51250
-136.512   51500
-135.783   51750
-135.706   52000
-135.73   52250
-135.859   52500
-135.865   52750
-136.059   53000
-136.506   53250
-136.541   53500
-136.318   53750
-135.971   54000
-134.066   54250
-131.702   54500
-131.761   54750
-134.666   55000
-136.159   55250
-136.177   55500
-136.141   55750
-135.918   56000
-135.947   56250
-136.071   56500
-135.906   56750
-135.818   57000
-136.153   57250
-136.024   57500
-135.618   57750
-135.301   58000
-133.649   58250
-132.484   58500
-133.719   58750
-136.012   59000
-136.441   59250
-136.188   59500
-135.947   59750
-136   60000
-136.036   60250
-135.665   60500
-135.659   60750
-135.789   61000
-135.518   61250
-135.383   61500
-135.442   61750
-134.554   62000
-132.49   62250
-131.561   62500
-133.296   62750
-135.465   63000
-136.23   63250
-136.277   63500
-136.141   63750
-136.036   64000
-136.047   64250
-136.183   64500
-136.141   64750
-135.818   65000
-135.765   65250
-135.947   65500
-135.177   65750
-133.56   66000
-132.802   66250
-133.913   66500
-135.501   66750
-135.818   67000
-135.912   67250
-136.218   67500
-136.524   67750
-136.047   68000
-135.671   68250
-135.994   68500
-136.383   68750
-136.236   69000
-136.165   69250
-135.959   69500
-134.389   69750
-132.714   70000
-133.172   70250
-134.883   70500
-135.889   70750
-136.271   71000
-136.335   71250
-136.194   71500
-136.218   71750
-136.283   72000
-136.106   72250
-136.071   72500
-135.918   72750
-135.912   73000
-135.542   73250
-135.254   73500
-134.572   73750
-133.984   74000
-134.677   74250
-135.107   74500
-135.171   74750
-135.689   75000
-136.006   75250
-135.947   75500
-135.877   75750
-135.924   76000
-136.118   76250
-136.094   76500
-135.771   76750
-135.43   77000
-135.659   77250
-135.483   77500
-133.196   77750
-131.885   78000
-133.108   78250
-135.359   78500
-136.036   78750
-136.212   79000
-136.124   79250
-135.924   79500
-135.918   79750
-135.748   80000
-135.771   80250
-135.736   80500
-135.612   80750
-135.9   81000
-135.671   81250
-134.166   81500
-133.202   81750
-133.172   82000
-134.219   82250
-135.648   82500
-135.853   82750
-135.783   83000
-136.13   83250
-135.936   83500
-136.177   83750
-136.477   84000
-136.012   84250
-135.871   84500
-136.159   84750
-136.183   85000
-135.624   85250
-133.937   85500
-132.114   85750
-131.838   86000
-134.331   86250
-135.942   86500
-135.748   86750
-135.847   87000
-136.094   87250
-136.224   87500
-136.042   87750
-136.036   88000
-136.477   88250
-136.371   88500
-135.795   88750
-135.312   89000
-134.554   89250
-133.313   89500
-132.861   89750
-133.995   90000
-135.595   90250
-135.9   90500
-136.3   90750
-136.377   91000
-136.118   91250
-136.036   91500
-136.106   91750
-136.077   92000
-136.053   92250
-136.159   92500
-136.259   92750
-135.26   93000
-133.843   93250
-133.119   93500
-132.755   93750
-134.313   94000
-135.789   94250
-135.601   94500
-135.589   94750
-135.63   95000
-135.73   95250
-135.495   95500
-135.742   95750
-136.006   96000
-135.936   96250
-136.43   96500
-136.206   96750
-134.736   97000
-133.878   97250
-134.16   97500
-134.86   97750
-135.706   98000
-136   98250
-136.071   98500
-135.977   98750
-135.7   99000
-135.577   99250
-135.771   99500
-136.018   99750
