%01/22/2016 1:10 PM

-52.2529   0
-55.4689   31.25
-65.2642   62.5
-77.7581   93.75
-85.6131   125
-89.1937   156.25
-90.887   187.5
-92.6979   218.75
-89.2408   250
-84.9428   281.25
-83.5612   312.5
-86.6479   343.75
-93.5034   375
-97.619   406.25
-99.0183   437.5
-98.1247   468.75
-98.301   500
-101.188   531.25
-103.581   562.5
-103.769   593.75
-104.063   625
-105.174   656.25
-106.338   687.5
-105.11   718.75
-101.817   750
-100.518   781.25
-103.063   812.5
-105.968   843.75
-105.756   875
-106.291   906.25
-107.526   937.5
-108.99   968.75
-109.349   1000
-109.784   1031.25
-111.101   1062.5
-112.041   1093.75
-111.606   1125
-109.784   1156.25
-108.408   1187.5
-106.638   1218.75
-106.138   1250
-106.232   1281.25
-104.674   1312.5
-104.492   1343.75
-106.785   1375
-110.613   1406.25
-113.558   1437.5
-113.006   1468.75
-110.607   1500
-109.137   1531.25
-110.666   1562.5
-113.694   1593.75
-115.216   1625
-115.757   1656.25
-116.045   1687.5
-116.116   1718.75
-115.622   1750
-115.569   1781.25
-116.322   1812.5
-116.563   1843.75
-116.469   1875
-116.786   1906.25
-117.492   1937.5
-117.404   1968.75
-116.774   2000
-116.927   2031.25
-117.362   2062.5
-117.157   2093.75
-116.921   2125
-117.157   2156.25
-117.127   2187.5
-117.063   2218.75
-116.716   2250
-116.704   2281.25
-117.01   2312.5
-117.133   2343.75
-116.939   2375
-117.162   2406.25
-117.274   2437.5
-117.174   2468.75
-117.133   2500
-116.963   2531.25
-116.763   2562.5
-116.98   2593.75
-117.045   2625
-117.045   2656.25
-117.257   2687.5
-116.78   2718.75
-116.604   2750
-116.833   2781.25
-116.674   2812.5
-116.598   2843.75
-116.874   2875
-117.145   2906.25
-117.015   2937.5
-116.657   2968.75
-116.545   3000
-116.598   3031.25
-116.91   3062.5
-117.192   3093.75
-117.28   3125
-117.551   3156.25
-117.539   3187.5
-117.433   3218.75
-117.251   3250
-116.792   3281.25
-116.833   3312.5
-117.439   3343.75
-117.556   3375
-117.427   3406.25
-117.521   3437.5
-117.862   3468.75
-118.027   3500
-117.85   3531.25
-118.103   3562.5
-118.109   3593.75
-117.909   3625
-117.856   3656.25
-117.862   3687.5
-118.115   3718.75
-118.427   3750
-118.262   3781.25
-118.309   3812.5
-118.227   3843.75
-118.291   3875
-118.074   3906.25
-118.097   3937.5
-118.374   3968.75
-118.579   4000
-118.815   4031.25
-118.597   4062.5
-118.568   4093.75
-118.92   4125
-119.062   4156.25
-118.985   4187.5
-118.773   4218.75
-118.609   4250
-118.791   4281.25
-118.768   4312.5
-119.12   4343.75
-119.291   4375
-118.909   4406.25
-118.615   4437.5
-118.609   4468.75
-118.732   4500
-118.815   4531.25
-118.773   4562.5
-119.003   4593.75
-119.285   4625
-119.291   4656.25
-119.079   4687.5
-119.308   4718.75
-119.414   4750
-119.12   4781.25
-118.891   4812.5
-118.932   4843.75
-119.003   4875
-119.209   4906.25
-119.214   4937.5
-119.056   4968.75
-119.02   5000
-119.185   5031.25
-119.256   5062.5
-119.444   5093.75
-119.144   5125
-118.862   5156.25
-118.826   5187.5
-118.668   5218.75
-118.621   5250
-118.527   5281.25
-118.438   5312.5
-118.773   5343.75
-119.279   5375
-119.608   5406.25
-119.338   5437.5
-119.203   5468.75
-119.479   5500
-119.261   5531.25
-118.809   5562.5
-119.044   5593.75
-119.35   5625
-119.52   5656.25
-119.62   5687.5
-119.226   5718.75
-119.285   5750
-119.55   5781.25
-119.45   5812.5
-119.138   5843.75
-119.197   5875
-119.079   5906.25
-118.962   5937.5
-119.056   5968.75
-119.444   6000
-119.391   6031.25
-119.12   6062.5
-119.144   6093.75
-119.338   6125
-119.438   6156.25
-119.461   6187.5
-119.026   6218.75
-118.779   6250
-119.291   6281.25
-119.649   6312.5
-119.785   6343.75
-119.691   6375
-119.25   6406.25
-119.179   6437.5
-119.385   6468.75
-119.597   6500
-119.849   6531.25
-119.879   6562.5
-119.444   6593.75
-118.844   6625
-119.05   6656.25
-119.308   6687.5
-119.32   6718.75
-119.591   6750
-119.979   6781.25
-120.114   6812.5
-119.849   6843.75
-119.502   6875
-119.338   6906.25
-119.502   6937.5
-119.508   6968.75
-119.573   7000
-119.45   7031.25
-119.12   7062.5
-119.391   7093.75
-119.673   7125
-119.438   7156.25
-119.644   7187.5
-119.749   7218.75
-119.879   7250
-120.014   7281.25
-119.961   7312.5
-119.726   7343.75
-119.585   7375
-119.826   7406.25
-119.896   7437.5
-119.573   7468.75
-119.573   7500
-119.744   7531.25
-119.849   7562.5
-119.649   7593.75
-119.15   7625
-119.173   7656.25
-119.426   7687.5
-119.532   7718.75
-119.438   7750
-119.103   7781.25
-119.003   7812.5
-119.379   7843.75
-119.367   7875
-119.679   7906.25
-119.602   7937.5
-118.891   7968.75
-118.703   8000
-119.244   8031.25
-119.949   8062.5
-120.102   8093.75
-119.702   8125
-119.291   8156.25
-118.967   8187.5
-118.944   8218.75
-119.403   8250
-119.567   8281.25
-119.356   8312.5
-119.461   8343.75
-119.455   8375
-119.55   8406.25
-119.567   8437.5
-119.614   8468.75
-119.955   8500
-119.885   8531.25
-119.744   8562.5
-119.544   8593.75
-119.514   8625
-119.25   8656.25
-118.862   8687.5
-118.932   8718.75
-119.144   8750
-119.156   8781.25
-119.191   8812.5
-119.291   8843.75
-119.426   8875
-119.502   8906.25
-119.45   8937.5
-119.761   8968.75
-119.955   9000
-120.149   9031.25
-120.085   9062.5
-119.403   9093.75
-119.009   9125
-119.032   9156.25
-118.997   9187.5
-119.303   9218.75
-119.796   9250
-119.679   9281.25
-119.555   9312.5
-119.003   9343.75
-118.685   9375
-118.709   9406.25
-118.915   9437.5
-119.138   9468.75
-119.126   9500
-119.156   9531.25
-119.344   9562.5
-119.373   9593.75
-119.25   9625
-119.203   9656.25
-119.209   9687.5
-119.297   9718.75
-119.685   9750
-119.444   9781.25
-119.109   9812.5
-119.079   9843.75
-119.232   9875
-119.473   9906.25
-119.35   9937.5
-119.52   9968.75
-119.561   10000
-119.438   10031.3
-119.238   10062.5
-119.156   10093.8
-119.308   10125
-119.326   10156.3
-118.938   10187.5
-118.873   10218.8
-119.044   10250
-119.502   10281.3
-119.614   10312.5
-119.35   10343.8
-119.185   10375
-119.502   10406.3
-119.614   10437.5
-119.203   10468.8
-119.138   10500
-118.756   10531.3
-118.679   10562.5
-119.144   10593.8
-119.338   10625
-119.356   10656.3
-119.279   10687.5
-119.056   10718.8
-118.685   10750
-118.75   10781.3
-118.95   10812.5
-118.897   10843.8
-119.067   10875
-119.567   10906.3
-119.538   10937.5
-119.338   10968.8
-119.267   11000
-119.073   11031.3
-118.997   11062.5
-119.256   11093.8
-119.45   11125
-119.379   11156.3
-119.455   11187.5
-119.256   11218.8
-119.209   11250
-119.373   11281.3
-119.067   11312.5
-119.056   11343.8
-119.267   11375
-119.379   11406.3
-119.32   11437.5
-119.426   11468.8
-119.185   11500
-118.862   11531.3
-118.973   11562.5
-119.109   11593.8
-118.862   11625
-118.638   11656.3
-119.085   11687.5
-119.197   11718.8
-118.879   11750
-119.085   11781.3
-119.303   11812.5
-119.15   11843.8
-118.632   11875
-118.809   11906.3
-119.303   11937.5
-119.385   11968.8
-119.25   12000
-119.403   12031.3
-119.479   12062.5
-119.414   12093.8
-119.279   12125
-119.138   12156.3
-119.179   12187.5
-118.973   12218.8
-118.615   12250
-118.862   12281.3
-118.803   12312.5
-118.856   12343.8
-119.256   12375
-118.726   12406.3
-118.285   12437.5
-118.679   12468.8
