%06/29/2016 11:05 AM

-53.5024   0
-56.8361   250
-67.5544   500
-85.0048   750
-86.4394   1000
-86.1277   1250
-86.116   1500
-85.7279   1750
-85.7279   2000
-85.7044   2250
-85.5633   2500
-85.7515   2750
-85.1106   3000
-84.6932   3250
-84.6226   3500
-84.4639   3750
-84.7872   4000
-84.4462   4250
-84.0934   4500
-84.0699   4750
-83.723   5000
-83.4643   5250
-83.1527   5500
-83.1116   5750
-83.2762   6000
-83.2997   6250
-83.5819   6500
-83.2703   6750
-82.8823   7000
-83.1351   7250
-83.5173   7500
-83.629   7750
-83.6348   8000
-83.6407   8250
-83.5525   8500
-83.5525   8750
-83.4996   9000
-83.629   9250
-83.7701   9500
-83.5231   9750
-83.288   10000
-82.8352   10250
-82.7294   10500
-82.8646   10750
-82.9999   11000
-82.6236   11250
-82.2002   11500
-82.3002   11750
-82.7647   12000
-82.8235   12250
-82.8058   12500
-82.3355   12750
-82.0297   13000
-82.0297   13250
-82.0297   13500
-82.065   13750
-81.6711   14000
-81.5476   14250
-81.6417   14500
-81.6887   14750
-81.577   15000
-81.6946   15250
-81.5065   15500
-80.8832   15750
-80.7304   16000
-80.7245   16250
-80.5481   16500
-80.7657   16750
-81.0243   17000
-80.7774   17250
-80.8127   17500
-80.8832   17750
-80.7245   18000
-80.8303   18250
-81.2536   18500
-81.2948   18750
-80.6775   19000
-80.5364   19250
-80.9597   19500
-81.0714   19750
-80.6128   20000
-80.2189   20250
-79.7661   20500
-79.7661   20750
-80.0248   21000
-80.0013   21250
-79.9425   21500
-79.9425   21750
-79.725   22000
-79.3193   22250
-79.3487   22500
-79.725   22750
-80.0307   23000
-80.1424   23250
-80.2247   23500
-80.2071   23750
-79.9131   24000
-80.0778   24250
-80.3306   24500
-80.2953   24750
-79.7015   25000
-79.3193   25250
-79.8014   25500
-80.0425   25750
-79.9131   26000
-79.9249   26250
-79.7544   26500
-80.0484   26750
-80.6775   27000
-80.2777   27250
-80.1189   27500
-80.1953   27750
-80.0072   28000
-79.9014   28250
-79.8484   28500
-79.5486   28750
-79.4957   29000
-79.7073   29250
-79.9249   29500
-79.6897   29750
-79.6721   30000
-79.6897   30250
-79.5545   30500
-79.7897   30750
-79.7779   31000
-79.5016   31250
-79.137   31500
-78.9136   31750
-78.9842   32000
-79.3017   32250
-79.3781   32500
-79.6074   32750
-79.4428   33000
-79.0488   33250
-78.8783   33500
-79.1723   33750
-79.6779   34000
-79.7955   34250
-79.5898   34500
-79.2958   34750
-78.8901   35000
-79.1135   35250
-79.3605   35500
-78.9019   35750
-78.5197   36000
-78.7901   36250
-79.0841   36500
-78.7313   36750
-78.5491   37000
-78.702   37250
-78.8548   37500
-78.9371   37750
-79.1312   38000
-79.0547   38250
-79.2723   38500
-79.4192   38750
-79.2076   39000
-79.1135   39250
-79.1194   39500
-79.1488   39750
-79.3487   40000
-79.4663   40250
-79.5074   40500
-79.6662   40750
-79.3428   41000
-79.3428   41250
-79.4898   41500
-78.8313   41750
-78.8195   42000
-79.237   42250
-79.2605   42500
-78.9548   42750
-78.7431   43000
-78.7431   43250
-78.7725   43500
-79.3134   43750
-79.6838   44000
-79.237   44250
-79.0018   44500
-79.0959   44750
-78.9136   45000
-78.555   45250
-78.6373   45500
-78.9195   45750
-79.1605   46000
-79.384   46250
-79.478   46500
-79.4428   46750
-79.4957   47000
-79.6309   47250
-79.0606   47500
-78.702   47750
-79.2546   48000
-79.4134   48250
-79.1547   48500
-79.1605   48750
-79.1958   49000
-78.9254   49250
-78.6667   49500
-79.0665   49750
-79.4486   50000
-79.3605   50250
-79.6015   50500
-79.7426   50750
-79.5662   51000
-79.3311   51250
-79.1782   51500
-79.1488   51750
-78.8313   52000
-79.1312   52250
-79.3605   52500
-79.1664   52750
-79.0782   53000
-78.9195   53250
-78.9548   53500
-79.1429   53750
-78.9489   54000
-78.6784   54250
-78.8666   54500
-79.0606   54750
-79.384   55000
-79.384   55250
-78.702   55500
-78.3727   55750
-78.6079   56000
-79.0724   56250
-79.9014   56500
-80.1365   56750
-79.7309   57000
-79.4134   57250
-79.5251   57500
-79.5486   57750
-79.5956   58000
-79.5192   58250
-79.2723   58500
-79.3252   58750
-79.5721   59000
-79.6897   59250
-79.9366   59500
-79.7485   59750
-79.3663   60000
-79.5368   60250
-79.5251   60500
-79.3487   60750
-79.5427   61000
-80.0013   61250
-80.1013   61500
-79.7485   61750
-79.1899   62000
-78.8901   62250
-78.99   62500
-79.3546   62750
-79.2429   63000
-79.2487   63250
-79.5368   63500
-79.8249   63750
-79.3428   64000
-78.7137   64250
-79.0312   64500
-79.3663   64750
-79.4486   65000
-79.6192   65250
-79.9249   65500
-79.8249   65750
-79.3017   66000
-78.8607   66250
-78.8372   66500
-79.2723   66750
-79.5368   67000
-79.6897   67250
-79.8073   67500
-79.284   67750
-79.0136   68000
-78.8431   68250
-79.0371   68500
-79.9014   68750
-80.3247   69000
-80.1542   69250
-80.1365   69500
-79.7485   69750
-79.6192   70000
-79.919   70250
-79.3311   70500
-78.943   70750
-79.1841   71000
-79.4428   71250
-79.6779   71500
-79.5427   71750
-79.5133   72000
-79.5192   72250
-79.3957   72500
-79.5074   72750
-79.8249   73000
-80.0895   73250
-80.0542   73500
-79.8308   73750
-79.872   74000
-79.7661   74250
-79.4604   74500
-79.1664   74750
-79.2429   75000
-79.625   75250
-79.5427   75500
-79.3193   75750
-79.2193   76000
-79.3017   76250
-79.7485   76500
-79.772   76750
-79.772   77000
-80.1189   77250
-79.9954   77500
-79.9249   77750
-79.8367   78000
-79.8896   78250
-79.6956   78500
-79.6897   78750
-79.9602   79000
-79.7661   79250
-79.6838   79500
-79.5956   79750
-79.4545   80000
-79.8426   80250
-80.1836   80500
-80.1836   80750
-80.0601   81000
-80.0778   81250
-80.066   81500
-79.8778   81750
-80.1718   82000
-80.1601   82250
-79.8249   82500
-79.7661   82750
-79.5721   83000
-79.6133   83250
-79.6662   83500
-79.6721   83750
-79.9308   84000
-80.1424   84250
-80.3541   84500
-80.1071   84750
-80.0601   85000
-80.6598   85250
-80.4129   85500
-79.7603   85750
-79.6074   86000
-79.7485   86250
-79.6779   86500
-79.2723   86750
-79.5604   87000
-80.0307   87250
-80.0307   87500
-79.7603   87750
-79.3663   88000
-79.4545   88250
-79.7309   88500
-79.9837   88750
-79.7367   89000
-79.6074   89250
-80.0719   89500
-80.4305   89750
-80.1836   90000
-79.7897   90250
-79.9484   90500
-80.1307   90750
-80.0601   91000
-80.1718   91250
-80.0248   91500
-80.0601   91750
-80.0307   92000
-80.1542   92250
-80.2718   92500
-80.454   92750
-80.4952   93000
-80.2071   93250
-80.36   93500
-80.2365   93750
-80.0778   94000
-80.3188   94250
-80.2835   94500
-79.8308   94750
-79.9778   95000
-80.4893   95250
-80.5834   95500
-80.2659   95750
-80.3776   96000
-80.4364   96250
-80.1483   96500
-80.1071   96750
-80.1601   97000
-79.9896   97250
-79.9308   97500
-80.3012   97750
-80.6598   98000
-80.3541   98250
-80.1071   98500
-80.1248   98750
-79.8484   99000
-79.9131   99250
-80.3188   99500
-80.1953   99750
