%06/29/2016 10:11 AM

-56.5069   0
-59.1879   250
-65.2556   500
-68.3834   750
-69.5358   1000
-71.088   1250
-73.2634   1500
-75.9151   1750
-77.8553   2000
-78.6549   2250
-79.3722   2500
-80.0601   2750
-80.9126   3000
-81.2595   3250
-81.2536   3500
-81.5182   3750
-82.3061   4000
-83.1586   4250
-83.3526   4500
-83.3644   4750
-83.8347   5000
-83.8641   5250
-83.823   5500
-84.2228   5750
-84.0934   6000
-84.1581   6250
-84.7931   6500
-84.8578   6750
-84.6344   7000
-84.7225   7250
-84.7225   7500
-84.6814   7750
-84.7813   8000
-85.0988   8250
-85.4163   8500
-85.3399   8750
-85.4222   9000
-85.434   9250
-85.5692   9500
-85.5339   9750
-85.3634   10000
-85.6809   10250
-86.0866   10500
-86.2512   10750
-85.6397   11000
-85.4163   11250
-85.8279   11500
-86.0984   11750
-86.1101   12000
-86.2806   12250
-86.0043   12500
-85.7515   12750
-85.8279   13000
-85.8103   13250
-85.7221   13500
-85.7162   13750
-85.9808   14000
-86.1865   14250
-85.9572   14500
-85.5398   14750
-85.8044   15000
-86.2159   15250
-86.2865   15500
-86.1748   15750
-86.2159   16000
-86.3629   16250
-86.2042   16500
-86.1865   16750
-86.0984   17000
-85.8573   17250
-86.0925   17500
-86.6863   17750
-86.8333   18000
-86.557   18250
-86.3923   18500
-86.557   18750
-87.2801   19000
-87.3036   19250
-86.5628   19500
-86.5511   19750
-86.3864   20000
-86.1395   20250
-86.5158   20500
-86.7333   20750
-86.4864   21000
-86.504   21250
-86.7098   21500
-86.7157   21750
-86.7569   22000
-87.1096   22250
-87.1743   22500
-87.4212   22750
-87.627   23000
-87.6094   23250
-87.7681   23500
-87.2272   23750
-86.7745   24000
-87.3742   24250
-87.6211   24500
-87.48   24750
-87.6447   25000
-87.4565   25250
-87.3213   25500
-87.1096   25750
-87.3213   26000
-87.4271   26250
-87.4389   26500
-87.1802   26750
-87.092   27000
-87.4506   27250
-87.5917   27500
-87.6153   27750
-87.5859   28000
-87.3801   28250
-87.0273   28500
-86.8098   28750
-86.9626   29000
-87.1508   29250
-87.2684   29500
-87.3272   29750
-87.7093   30000
-88.0092   30250
-87.7093   30500
-87.1743   30750
-87.0214   31000
-87.5388   31250
-87.9504   31500
-88.0151   31750
-87.6799   32000
-87.5976   32250
-87.874   32500
-87.7035   32750
-87.8328   33000
-87.8916   33250
-87.48   33500
-86.9862   33750
-87.3448   34000
-87.8798   34250
-87.6741   34500
-87.5859   34750
-87.6917   35000
-87.2155   35250
-86.7451   35500
-86.6863   35750
-87.1214   36000
-86.6687   36250
-86.4041   36500
-86.6804   36750
-87.0097   37000
-86.9862   37250
-87.3507   37500
-87.9151   37750
-87.8916   38000
-87.6741   38250
-87.3095   38500
-87.627   38750
-88.1327   39000
-88.1562   39250
-88.0445   39500
-88.1033   39750
-88.1091   40000
-88.3267   40250
-88.3855   40500
-88.4854   40750
-88.8676   41000
-88.7441   41250
-88.409   41500
-88.1385   41750
-88.1091   42000
-88.309   42250
-88.4501   42500
-88.409   42750
-88.1562   43000
-88.1444   43250
-88.5148   43500
-88.3972   43750
-88.5913   44000
-88.9205   44250
-88.6559   44500
-88.8323   44750
-89.1204   45000
-89.0263   45250
-88.7206   45500
-88.7559   45750
-88.703   46000
-88.3032   46250
-87.8857   46500
-87.9857   46750
-88.0915   47000
-88.0209   47250
-88.0503   47500
-88.3149   47750
-88.5442   48000
-88.7853   48250
-88.7853   48500
-88.5442   48750
-88.6559   49000
-88.4854   49250
-88.2914   49500
-88.4972   49750
-88.6559   50000
-88.4031   50250
-88.3267   50500
-88.6207   50750
-88.6207   51000
-88.8676   51250
-89.2556   51500
-89.2909   51750
-89.2262   52000
-88.7382   52250
-88.068   52500
-88.262   52750
-88.5736   53000
-88.8617   53250
-88.9617   53500
-88.6794   53750
-88.2973   54000
-88.1679   54250
-88.7324   54500
-89.4497   54750
-89.3144   55000
-89.2086   55250
-89.0557   55500
-88.703   55750
-88.6912   56000
-88.6265   56250
-88.5148   56500
-88.6324   56750
-88.9734   57000
-89.191   57250
-89.138   57500
-88.8382   57750
-88.603   58000
-88.5795   58250
-88.2032   58500
-88.1679   58750
-88.6912   59000
-89.0557   59250
-89.3438   59500
-89.3321   59750
-89.1145   60000
-88.5854   60250
-88.3972   60500
-88.3326   60750
-88.4031   61000
-88.6794   61250
-89.1263   61500
-89.4379   61750
-89.1322   62000
-88.8441   62250
-88.8206   62500
-88.6912   62750
-88.4207   63000
-88.1444   63250
-88.3561   63500
-88.6501   63750
-88.75   64000
-88.9381   64250
-89.0087   64500
-88.8382   64750
-88.5913   65000
-88.3737   65250
-88.409   65500
-88.5619   65750
-88.4619   66000
-88.409   66250
-88.3443   66500
-88.4678   66750
-88.362   67000
-88.215   67250
-88.1091   67500
-88.2561   67750
-88.5913   68000
-88.3855   68250
-88.2738   68500
-88.5854   68750
-88.7265   69000
-88.5971   69250
-88.5266   69500
-88.7324   69750
-88.9499   70000
-88.7735   70250
-88.5913   70500
-89.0851   70750
-89.4497   71000
-89.0499   71250
-88.7853   71500
-88.5089   71750
-88.3502   72000
-88.6148   72250
-89.0675   72500
-89.4555   72750
-89.5026   73000
-89.0793   73250
-88.9029   73500
-89.0146   73750
-89.3027   74000
-89.1557   74250
-88.6383   74500
-88.7559   74750
-89.091   75000
-89.1557   75250
-89.285   75500
-89.4497   75750
-89.191   76000
-89.3967   76250
-89.2145   76500
-89.0087   76750
-89.4614   77000
-89.7142   77250
-89.6496   77500
-89.4379   77750
-89.2262   78000
-89.0616   78250
-88.9558   78500
-89.0734   78750
-89.1145   79000
-89.1028   79250
-88.9852   79500
-89.1674   79750
-89.0499   80000
-88.8735   80250
-89.0322   80500
-88.8852   80750
-88.7559   81000
-88.75   81250
-88.6677   81500
-88.85   81750
-89.0793   82000
-88.8558   82250
-88.897   82500
-89.2968   82750
-89.532   83000
-89.1674   83250
-88.9499   83500
-89.0557   83750
-89.4379   84000
-89.7142   84250
-89.7848   84500
-89.6613   84750
-89.2556   85000
-89.3144   85250
-89.4673   85500
-89.3909   85750
-89.2321   86000
-88.8676   86250
-88.8735   86500
-89.0322   86750
-88.7088   87000
-88.0151   87250
-87.7505   87500
-88.115   87750
-88.8735   88000
-89.1733   88250
-89.1439   88500
-89.0381   88750
-88.5501   89000
-87.9151   89250
-87.6741   89500
-87.9386   89750
-88.068   90000
-87.8563   90250
-87.7152   90500
-87.6094   90750
-87.4859   91000
-87.5271   91250
-88.1973   91500
-88.2855   91750
-88.3502   92000
-88.3326   92250
-88.1268   92500
-88.0268   92750
-87.4683   93000
-86.6745   93250
-86.6922   93500
-87.3095   93750
-87.5153   94000
-87.5035   94250
-87.6741   94500
-87.7093   94750
-87.48   95000
-87.5623   95250
-87.6741   95500
-87.7093   95750
-87.8857   96000
-87.3918   96250
-87.2919   96500
-87.6623   96750
-88.0974   97000
-87.7858   97250
-87.8916   97500
-88.2444   97750
-88.3384   98000
-88.0797   98250
-87.8798   98500
-87.874   98750
-87.774   99000
-87.8916   99250
-88.309   99500
-88.1033   99750
