%06/29/2016 10:02 AM

-47.5171   0
-50.8273   250
-61.1458   500
-70.7882   750
-71.8171   1000
-74.0395   1250
-76.5442   1500
-79.4075   1750
-82.2002   2000
-82.994   2250
-83.4232   2500
-84.3169   2750
-85.3752   3000
-85.9337   3250
-86.1219   3500
-86.4864   3750
-86.7157   4000
-86.3453   4250
-86.3923   4500
-86.8862   4750
-87.6682   5000
-87.9798   5250
-87.7799   5500
-88.1327   5750
-89.0087   6000
-88.8617   6250
-88.3737   6500
-88.3384   6750
-88.1268   7000
-88.1268   7250
-88.6501   7500
-88.8735   7750
-88.5619   8000
-88.6736   8250
-88.85   8500
-89.0146   8750
-88.8264   9000
-88.75   9250
-88.6618   9500
-88.5207   9750
-88.8735   10000
-89.0381   10250
-88.9675   10500
-88.8676   10750
-88.7441   11000
-88.7618   11250
-89.0146   11500
-89.1263   11750
-89.0263   12000
-88.8617   12250
-88.7088   12500
-88.7794   12750
-89.385   13000
-89.091   13250
-88.4972   13500
-88.7559   13750
-89.4144   14000
-89.1733   14250
-88.75   14500
-88.7324   14750
-88.7382   15000
-88.3796   15250
-88.6853   15500
-89.1792   15750
-89.1968   16000
-89.1674   16250
-88.8382   16500
-88.9087   16750
-89.2674   17000
-89.4026   17250
-89.2968   17500
-88.8441   17750
-88.6794   18000
-89.0322   18250
-89.1204   18500
-88.6442   18750
-88.4913   19000
-88.703   19250
-88.6324   19500
-88.5501   19750
-88.3384   20000
-88.3796   20250
-88.7088   20500
-88.9205   20750
-88.8147   21000
-88.7735   21250
-88.8558   21500
-88.5325   21750
-88.3384   22000
-88.7853   22250
-89.3203   22500
-89.0499   22750
-89.1439   23000
-89.3086   23250
-89.2498   23500
-88.9323   23750
-88.6677   24000
-88.7088   24250
-89.0616   24500
-88.9617   24750
-88.9499   25000
-88.8441   25250
-89.0381   25500
-89.2439   25750
-89.1439   26000
-89.1968   26250
-89.0381   26500
-89.1851   26750
-89.6378   27000
-89.2733   27250
-88.9381   27500
-88.9146   27750
-89.0851   28000
-89.1087   28250
-89.1439   28500
-89.2439   28750
-89.5614   29000
-89.4849   29250
-89.1851   29500
-89.1792   29750
-89.0616   30000
-88.8323   30250
-88.9793   30500
-89.2321   30750
-89.0263   31000
-88.5031   31250
-88.3914   31500
-88.9323   31750
-89.0322   32000
-89.2086   32250
-89.5085   32500
-89.2262   32750
-88.9323   33000
-88.8264   33250
-89.0322   33500
-89.1087   33750
-88.8088   34000
-88.6794   34250
-89.0793   34500
-89.338   34750
-89.2321   35000
-88.9911   35250
-88.262   35500
-87.8563   35750
-87.921   36000
-87.8093   36250
-87.5859   36500
-87.7916   36750
-88.0856   37000
-88.703   37250
-89.0616   37500
-89.2556   37750
-89.2204   38000
-89.1557   38250
-89.2968   38500
-89.4438   38750
-89.1851   39000
-88.8735   39250
-89.1263   39500
-89.6496   39750
-89.8495   40000
-89.5849   40250
-89.2792   40500
-89.3967   40750
-89.6848   41000
-89.773   41250
-89.5379   41500
-89.4203   41750
-89.4967   42000
-89.7378   42250
-89.9318   42500
-90.0964   42750
-89.8201   43000
-89.4203   43250
-89.4144   43500
-89.4261   43750
-89.5908   44000
-89.3203   44250
-89.1204   44500
-89.2556   44750
-89.3909   45000
-89.532   45250
-89.7436   45500
-90.1611   45750
-90.1376   46000
-89.5379   46250
-89.2615   46500
-89.1557   46750
-89.1028   47000
-89.579   47250
-89.8024   47500
-89.8142   47750
-89.8377   48000
-89.6672   48250
-89.7201   48500
-89.6672   48750
-89.5908   49000
-89.432   49250
-89.1674   49500
-89.2968   49750
-89.4144   50000
-89.4144   50250
-89.532   50500
-89.6613   50750
-89.7378   51000
-89.726   51250
-89.773   51500
-89.9612   51750
-89.6496   52000
-89.6672   52250
-89.8495   52500
-90.0788   52750
-90.2552   53000
-89.5496   53250
-89.4732   53500
-89.9083   53750
-90.2552   54000
-90.0729   54250
-89.3027   54500
-88.85   54750
-89.1439   55000
-89.4026   55250
-89.532   55500
-89.679   55750
-89.8142   56000
-89.8847   56250
-89.6319   56500
-89.4438   56750
-89.3262   57000
-89.4203   57250
-89.4614   57500
-89.0205   57750
-88.8911   58000
-88.9205   58250
-89.1674   58500
-89.4438   58750
-89.6319   59000
-89.4732   59250
-89.044   59500
-88.9852   59750
-89.3732   60000
-89.626   60250
-89.6378   60500
-89.8201   60750
-89.5143   61000
-88.8441   61250
-88.9617   61500
-89.2321   61750
-89.2027   62000
-89.0499   62250
-89.0263   62500
-89.1557   62750
-89.2615   63000
-89.238   63250
-89.6554   63500
-89.7495   63750
-89.5026   64000
-89.0616   64250
-89.285   64500
-89.7613   64750
-89.9318   65000
-89.5849   65250
-89.3321   65500
-89.285   65750
-89.2733   66000
-89.2145   66250
-89.0851   66500
-89.0322   66750
-89.3262   67000
-89.6672   67250
-89.4849   67500
-89.2733   67750
-89.2086   68000
-88.9323   68250
-89.0205   68500
-89.1145   68750
-89.3027   69000
-89.9847   69250
-90.3845   69500
-90.5491   69750
-90.1082   70000
-89.626   70250
-89.4849   70500
-89.2145   70750
-89.0499   71000
-89.3732   71250
-89.6378   71500
-89.3438   71750
-89.3732   72000
-89.9671   72250
-89.7084   72500
-89.0675   72750
-88.8852   73000
-89.0851   73250
-89.3321   73500
-89.5673   73750
-90.0611   74000
-90.4551   74250
-90.261   74500
-89.773   74750
-89.3556   75000
-89.1204   75250
-89.1968   75500
-89.1145   75750
-88.797   76000
-89.1616   76250
-89.773   76500
-89.8318   76750
-89.5849   77000
-89.338   77250
-89.2027   77500
-89.238   77750
-88.8441   78000
-88.5913   78250
-89.2027   78500
-89.6672   78750
-89.579   79000
-89.7025   79250
-89.5143   79500
-89.1851   79750
-89.1263   80000
-89.2968   80250
-89.1145   80500
-89.2556   80750
-89.7319   81000
-89.6025   81250
-89.091   81500
-88.7088   81750
-88.4678   82000
-88.5854   82250
-89.1087   82500
-89.5908   82750
-89.9965   83000
-89.6966   83250
-89.2498   83500
-89.0734   83750
-89.2439   84000
-89.4791   84250
-89.1263   84500
-88.8323   84750
-89.0675   85000
-89.2498   85250
-89.6496   85500
-89.8436   85750
-89.2204   86000
-88.8088   86250
-89.1145   86500
-88.9617   86750
-88.7324   87000
-88.9029   87250
-88.9675   87500
-88.5031   87750
-88.3502   88000
-88.3796   88250
-88.6265   88500
-88.9205   88750
-88.7735   89000
-88.5501   89250
-88.4384   89500
-88.4501   89750
-88.6265   90000
-88.5677   90250
-88.4501   90500
-88.3032   90750
-88.4737   91000
-89.1028   91250
-88.8147   91500
-88.5913   91750
-88.9381   92000
-88.8558   92250
-89.0087   92500
-88.8382   92750
-88.4443   93000
-88.1679   93250
-87.7446   93500
-87.1919   93750
-86.8627   94000
-86.898   94250
-87.9386   94500
-88.3737   94750
-88.2502   95000
-88.1914   95250
-88.3443   95500
-88.3737   95750
-88.2208   96000
-88.1503   96250
-88.0209   96500
-87.9857   96750
-88.1385   97000
-88.2208   97250
-88.1091   97500
-87.8504   97750
-87.7387   98000
-88.1503   98250
-88.3267   98500
-88.1268   98750
-88.1268   99000
-88.1091   99250
-88.1856   99500
-88.3032   99750
