%06/29/2016 9:44 AM

-42.1785   0
-45.5063   250
-56.0894   500
-71.2232   750
-74.31   1000
-76.4325   1250
-78.3609   1500
-80.0307   1750
-81.1125   2000
-81.6299   2250
-82.2473   2500
-83.1527   2750
-83.9817   3000
-84.3404   3250
-84.8284   3500
-85.2576   3750
-85.481   4000
-85.9808   4250
-86.4864   4500
-86.8627   4750
-86.845   5000
-86.5687   5250
-86.9038   5500
-87.0626   5750
-86.9274   6000
-86.8862   6250
-87.0802   6500
-87.5329   6750
-87.968   7000
-87.7858   7250
-87.7387   7500
-88.1679   7750
-88.7794   8000
-88.897   8250
-89.0087   8500
-88.8088   8750
-88.4795   9000
-88.3678   9250
-88.2973   9500
-88.6559   9750
-89.2556   10000
-89.3203   10250
-88.9029   10500
-88.8264   10750
-88.6265   11000
-88.7265   11250
-88.5854   11500
-88.6207   11750
-88.7441   12000
-88.4854   12250
-88.4619   12500
-88.6677   12750
-88.5913   13000
-88.556   13250
-88.6794   13500
-88.3737   13750
-88.5383   14000
-88.556   14250
-88.4266   14500
-88.5913   14750
-88.8029   15000
-88.897   15250
-88.9911   15500
-89.0851   15750
-88.9969   16000
-89.2262   16250
-89.2086   16500
-89.0499   16750
-89.2498   17000
-89.2086   17250
-89.0205   17500
-88.944   17750
-89.0734   18000
-89.1851   18250
-88.8382   18500
-88.9911   18750
-89.1322   19000
-88.8793   19250
-88.8793   19500
-89.1087   19750
-89.1557   20000
-89.091   20250
-89.2968   20500
-89.0734   20750
-88.8029   21000
-89.0793   21250
-89.338   21500
-89.3967   21750
-89.6084   22000
-89.8553   22250
-89.5908   22500
-89.2086   22750
-89.1322   23000
-89.385   23250
-89.7142   23500
-89.773   23750
-89.6378   24000
-89.2145   24250
-89.1087   24500
-89.2792   24750
-89.3027   25000
-89.0028   25250
-88.897   25500
-89.1792   25750
-89.1557   26000
-89.1674   26250
-89.1028   26500
-88.9911   26750
-88.8793   27000
-89.2027   27250
-89.7025   27500
-89.6672   27750
-89.4379   28000
-89.1439   28250
-89.091   28500
-89.2968   28750
-89.285   29000
-89.1087   29250
-89.0499   29500
-89.338   29750
-89.5614   30000
-89.4085   30250
-89.138   30500
-89.0322   30750
-89.285   31000
-89.1263   31250
-89.2498   31500
-89.2733   31750
-89.0381   32000
-88.6677   32250
-88.9381   32500
-89.4555   32750
-89.5908   33000
-89.4732   33250
-89.4144   33500
-89.3027   33750
-89.1322   34000
-89.1851   34250
-89.432   34500
-89.3027   34750
-89.4144   35000
-89.3321   35250
-88.9205   35500
-88.6853   35750
-88.1327   36000
-87.8387   36250
-88.0503   36500
-88.4031   36750
-88.8793   37000
-89.2204   37250
-89.5379   37500
-89.6084   37750
-89.8789   38000
-90.0611   38250
-89.7201   38500
-89.4673   38750
-89.5379   39000
-89.7436   39250
-89.9494   39500
-90.214   39750
-89.9318   40000
-89.6731   40250
-89.3791   40500
-89.0675   40750
-89.2792   41000
-90.1376   41250
-90.6726   41500
-90.2316   41750
-89.7025   42000
-89.5908   42250
-90.0964   42500
-90.2963   42750
-90.214   43000
-90.02   43250
-90.0376   43500
-89.7966   43750
-89.6554   44000
-89.4497   44250
-89.385   44500
-89.8906   44750
-89.9259   45000
-89.7848   45250
-89.8083   45500
-89.9259   45750
-89.7966   46000
-89.6143   46250
-89.2321   46500
-89.1028   46750
-89.1851   47000
-89.3791   47250
-89.6437   47500
-90.1493   47750
-90.214   48000
-89.9377   48250
-89.7907   48500
-89.7378   48750
-90.0435   49000
-90.1787   49250
-90.1846   49500
-90.2787   49750
-90.261   50000
-89.8024   50250
-89.2145   50500
-89.3262   50750
-89.7495   51000
-89.92   51250
-89.6378   51500
-89.4144   51750
-89.6025   52000
-89.3321   52250
-89.2792   52500
-89.3732   52750
-89.5673   53000
-90.0435   53250
-90.361   53500
-89.8024   53750
-89.6496   54000
-89.6025   54250
-89.4555   54500
-89.3791   54750
-89.385   55000
-89.3203   55250
-89.5555   55500
-89.4555   55750
-89.3673   56000
-89.3909   56250
-89.5143   56500
-90.0788   56750
-89.9729   57000
-89.8083   57250
-89.5731   57500
-89.6378   57750
-89.9847   58000
-89.8906   58250
-89.4908   58500
-89.4849   58750
-89.7495   59000
-89.6319   59250
-89.385   59500
-89.4967   59750
-89.7084   60000
-89.9141   60250
-90.4492   60500
-90.214   60750
-89.5202   61000
-89.3321   61250
-89.5379   61500
-89.5908   61750
-89.4908   62000
-89.3615   62250
-89.3144   62500
-89.2968   62750
-89.2321   63000
-89.3615   63250
-89.4085   63500
-89.3556   63750
-89.338   64000
-89.2792   64250
-89.3438   64500
-89.1557   64750
-88.8206   65000
-88.8441   65250
-89.0557   65500
-89.1968   65750
-89.3673   66000
-89.4497   66250
-89.1498   66500
-89.3203   66750
-89.3967   67000
-89.1087   67250
-89.1087   67500
-89.2556   67750
-89.4438   68000
-90.0376   68250
-89.9906   68500
-89.5143   68750
-89.3497   69000
-89.6084   69250
-89.9259   69500
-89.9141   69750
-89.8612   70000
-89.6966   70250
-89.7848   70500
-89.5731   70750
-89.5555   71000
-89.6731   71250
-89.5731   71500
-89.3556   71750
-89.7966   72000
-89.873   72250
-89.3027   72500
-89.0969   72750
-89.3497   73000
-89.579   73250
-89.6084   73500
-89.4497   73750
-89.044   74000
-88.9734   74250
-89.138   74500
-89.0616   74750
-89.044   75000
-88.9146   75250
-89.3203   75500
-89.626   75750
-89.3673   76000
-89.0734   76250
-89.191   76500
-89.2792   76750
-89.7319   77000
-89.9083   77250
-89.2556   77500
-89.1439   77750
-89.3615   78000
-89.6672   78250
-90.3257   78500
-90.0023   78750
-89.3967   79000
-89.0499   79250
-89.4026   79500
-89.7554   79750
-89.6202   80000
-89.5614   80250
-89.6319   80500
-89.7907   80750
-89.6084   81000
-89.4967   81250
-89.4379   81500
-89.0851   81750
-88.9205   82000
-89.1674   82250
-89.726   82500
-89.773   82750
-89.4908   83000
-89.7789   83250
-90.1258   83500
-90.2963   83750
-90.1728   84000
-89.9965   84250
-89.6613   84500
-89.3086   84750
-89.4614   85000
-89.9906   85250
-89.7378   85500
-89.4085   85750
-89.3027   86000
-89.1439   86250
-89.1322   86500
-89.4555   86750
-89.1028   87000
-88.7912   87250
-89.044   87500
-89.0969   87750
-88.7147   88000
-87.5447   88250
-86.7627   88500
-86.263   88750
-86.016   89000
-86.4864   89250
-87.7035   89500
-88.9146   89750
-88.5501   90000
-87.0685   90250
-86.2512   90500
-86.3806   90750
-87.3918   91000
-87.5623   91250
-86.7275   91500
-86.7451   91750
-87.4683   92000
-87.5565   92250
-86.9215   92500
-86.7392   92750
-85.9337   93000
-85.6221   93250
-86.504   93500
-86.4923   93750
-86.0278   94000
-85.528   94250
-86.2042   94500
-86.7627   94750
-86.8392   95000
-86.8921   95250
-86.9332   95500
-86.7627   95750
-86.8627   96000
-86.7686   96250
-86.6981   96500
-86.8921   96750
-86.6804   97000
-86.4864   97250
-86.8215   97500
-86.9156   97750
-86.6804   98000
-86.604   98250
-86.604   98500
-86.604   98750
-86.457   99000
-86.2747   99250
-86.0925   99500
-86.116   99750
