%06/29/2016 9:45 AM

-40.2853   0
-43.6308   31.25
-54.4079   62.5
-74.4805   93.75
-78.4844   125
-79.6721   156.25
-80.0895   187.5
-84.0464   218.75
-87.5447   250
-86.2453   281.25
-86.1513   312.5
-89.1674   343.75
-89.626   375
-87.4918   406.25
-87.3624   437.5
-87.8152   468.75
-87.239   500
-86.5099   531.25
-87.2331   562.5
-87.774   593.75
-85.3458   625
-83.6466   656.25
-84.5226   687.5
-85.4869   718.75
-83.7524   750
-82.9411   781.25
-84.8578   812.5
-85.6515   843.75
-84.1934   875
-84.0699   906.25
-86.0102   937.5
-86.6687   968.75
-85.6927   1000
-86.1513   1031.25
-87.8563   1062.5
-87.6211   1093.75
-86.3629   1125
-86.6451   1156.25
-87.9386   1187.5
-88.2326   1218.75
-87.3742   1250
-87.6741   1281.25
-88.85   1312.5
-89.3027   1343.75
-89.0205   1375
-89.3262   1406.25
-90.1846   1437.5
-90.0494   1468.75
-89.5437   1500
-90.1846   1531.25
-90.7314   1562.5
-91.0724   1593.75
-91.3017   1625
-91.4663   1656.25
-91.8896   1687.5
-92.1248   1718.75
-91.9543   1750
-92.2483   1781.25
-92.8656   1812.5
-92.4894   1843.75
-92.3012   1875
-92.895   1906.25
-93.6123   1937.5
-93.7241   1968.75
-93.9122   2000
-93.8181   2031.25
-93.5535   2062.5
-92.9832   2093.75
-93.1067   2125
-93.5241   2156.25
-93.336   2187.5
-93.3595   2218.75
-93.7593   2250
-93.6711   2281.25
-93.3536   2312.5
-93.2831   2343.75
-94.018   2375
-94.4296   2406.25
-93.9298   2437.5
-94.0945   2468.75
-95.2645   2500
-95.6702   2531.25
-95.1998   2562.5
-95.2704   2593.75
-95.776   2625
-95.288   2656.25
-94.8764   2687.5
-94.4002   2718.75
-94.5825   2750
-95.0175   2781.25
-95.629   2812.5
-96.2875   2843.75
-96.1758   2875
-95.629   2906.25
-95.6525   2937.5
-96.0229   2968.75
-95.729   3000
-95.1116   3031.25
-95.1469   3062.5
-95.9465   3093.75
-96.0523   3125
-95.5761   3156.25
-95.5643   3187.5
-95.5349   3218.75
-95.629   3250
-95.8054   3281.25
-95.9818   3312.5
-96.2228   3343.75
-96.0758   3375
-95.8172   3406.25
-95.6937   3437.5
-95.9641   3468.75
-96.0817   3500
-95.8583   3531.25
-96.1464   3562.5
-96.264   3593.75
-96.1934   3625
-96.0347   3656.25
-96.4404   3687.5
-96.2875   3718.75
-96.3287   3750
-96.4051   3781.25
-96.7579   3812.5
-96.9578   3843.75
-96.4757   3875
-96.0582   3906.25
-96.0053   3937.5
-96.1405   3968.75
-96.0758   4000
-96.4933   4031.25
-96.6638   4062.5
-96.7402   4093.75
-97.3576   4125
-97.2988   4156.25
-96.5109   4187.5
-96.2464   4218.75
-95.9347   4250
-96.0406   4281.25
-96.7167   4312.5
-97.3458   4343.75
-97.0812   4375
-96.8461   4406.25
-96.7873   4437.5
-96.3698   4468.75
-96.1876   4500
-96.652   4531.25
-97.1871   4562.5
-96.6168   4593.75
-96.1934   4625
-96.4757   4656.25
-96.8049   4687.5
-96.5874   4718.75
-96.6814   4750
-96.7108   4781.25
-96.4992   4812.5
-96.6579   4843.75
-97.1988   4875
-97.0812   4906.25
-97.2047   4937.5
-97.046   4968.75
-96.4874   5000
-96.7108   5031.25
-96.799   5062.5
-97.0224   5093.75
-96.8461   5125
-96.5815   5156.25
-96.8284   5187.5
-96.7579   5218.75
-96.4757   5250
-96.3345   5281.25
-96.4521   5312.5
-96.8813   5343.75
-97.14   5375
-97.1636   5406.25
-97.14   5437.5
-96.7285   5468.75
-96.2405   5500
-96.7285   5531.25
-97.2517   5562.5
-97.2282   5593.75
-97.4634   5625
-97.1753   5656.25
-97.1165   5687.5
-97.4105   5718.75
-97.1636   5750
-96.8696   5781.25
-96.4286   5812.5
-96.6344   5843.75
-96.7637   5875
-96.7873   5906.25
-96.8519   5937.5
-97.1518   5968.75
-97.1518   6000
-97.3223   6031.25
-97.2929   6062.5
-97.2694   6093.75
-97.2517   6125
-97.3635   6156.25
-97.534   6187.5
-97.2341   6218.75
-96.4639   6250
-96.3228   6281.25
-96.8343   6312.5
-97.7045   6343.75
-97.8338   6375
-97.4928   6406.25
-97.4458   6437.5
-97.387   6468.75
-96.9166   6500
-96.799   6531.25
-97.0577   6562.5
-97.2282   6593.75
-97.1753   6625
-96.6756   6656.25
-96.8167   6687.5
-97.4281   6718.75
-97.6751   6750
-97.5163   6781.25
-97.534   6812.5
-97.3223   6843.75
-97.1988   6875
-96.8284   6906.25
-96.899   6937.5
-96.8108   6968.75
-96.605   7000
-96.8931   7031.25
-96.993   7062.5
-97.534   7093.75
-97.4516   7125
-97.0342   7156.25
-97.1518   7187.5
-96.9695   7218.75
-96.8813   7250
-97.24   7281.25
-97.4575   7312.5
-97.728   7343.75
-97.7633   7375
-97.3517   7406.25
-97.0401   7437.5
-96.9284   7468.75
-97.1106   7500
-97.287   7531.25
-97.2811   7562.5
-97.4399   7593.75
-96.9872   7625
-96.5756   7656.25
-97.0224   7687.5
-97.3576   7718.75
-97.2576   7750
-97.3282   7781.25
-97.2517   7812.5
-97.3047   7843.75
-97.2988   7875
-97.3282   7906.25
-97.2106   7937.5
-97.3987   7968.75
-97.6927   8000
-97.6516   8031.25
-97.6633   8062.5
-98.1572   8093.75
-98.1631   8125
-97.4987   8156.25
-97.1518   8187.5
-96.9401   8218.75
-97.2165   8250
-97.6868   8281.25
-97.4634   8312.5
-97.3047   8343.75
-97.3576   8375
-97.2635   8406.25
-97.2694   8437.5
-97.093   8468.75
-97.3752   8500
-97.6809   8531.25
-97.8809   8562.5
-97.6574   8593.75
-97.7045   8625
-97.6222   8656.25
-97.7045   8687.5
-97.775   8718.75
-97.9632   8750
-97.6633   8781.25
-97.434   8812.5
-97.4046   8843.75
-97.8044   8875
-97.8338   8906.25
-97.5634   8937.5
-97.1871   8968.75
-97.287   9000
-97.2988   9031.25
-97.534   9062.5
-97.5398   9093.75
-97.2047   9125
-96.5991   9156.25
-96.5168   9187.5
-97.0518   9218.75
-97.5281   9250
-97.4223   9281.25
-97.7221   9312.5
-97.728   9343.75
-96.9637   9375
-96.8343   9406.25
-96.7226   9437.5
-96.6991   9468.75
-96.5286   9500
-97.4164   9531.25
-97.7927   9562.5
-97.7574   9593.75
-97.7927   9625
-97.6045   9656.25
-97.3458   9687.5
-97.4281   9718.75
-96.993   9750
-96.9519   9781.25
-97.3105   9812.5
-97.5457   9843.75
-97.9514   9875
-97.8691   9906.25
-97.6751   9937.5
-97.5869   9968.75
-97.4105   10000
-97.3223   10031.3
-97.3282   10062.5
-97.1871   10093.8
-97.628   10125
-98.2983   10156.3
-98.0043   10187.5
-97.4928   10218.8
-97.4164   10250
-97.24   10281.3
-97.5457   10312.5
-97.775   10343.8
-97.4516   10375
-97.2694   10406.3
-97.1224   10437.5
-96.7344   10468.8
-97.0754   10500
-97.0342   10531.3
-97.4693   10562.5
-98.1748   10593.8
-97.9514   10625
-97.3517   10656.3
-96.9637   10687.5
-96.7344   10718.8
-96.9107   10750
-97.3458   10781.3
-97.5398   10812.5
-97.5281   10843.8
-96.9754   10875
-96.7108   10906.3
-97.1577   10937.5
-97.6045   10968.8
-97.5869   11000
-97.5398   11031.3
-97.8338   11062.5
-97.922   11093.8
-97.8809   11125
-97.8044   11156.3
-97.3223   11187.5
-97.1048   11218.8
-97.4046   11250
-97.434   11281.3
-97.4458   11312.5
-97.534   11343.8
-97.7456   11375
-97.387   11406.3
-97.728   11437.5
-97.875   11468.8
-98.0337   11500
-97.4164   11531.3
-97.6809   11562.5
-98.1337   11593.8
-97.9573   11625
-97.534   11656.3
-97.1988   11687.5
-96.9989   11718.8
-97.24   11750
-97.0812   11781.3
-97.3341   11812.5
-97.3929   11843.8
-97.5281   11875
-97.8809   11906.3
-97.9573   11937.5
-98.1395   11968.8
-97.9926   12000
-97.1694   12031.3
-97.14   12062.5
-97.24   12093.8
-97.4928   12125
-97.0518   12156.3
-96.7814   12187.5
-97.4634   12218.8
-97.6574   12250
-97.2517   12281.3
-96.8284   12312.5
-96.8578   12343.8
-96.9989   12375
-97.1224   12406.3
-97.2811   12437.5
-97.3811   12468.8
