%06/29/2016 11:15 AM

-59.3349   0
-62.6392   250
-73.1047   500
-86.3688   750
-87.6682   1000
-87.7505   1250
-87.8152   1500
-87.821   1750
-87.9269   2000
-88.2738   2250
-88.6501   2500
-88.85   2750
-88.85   3000
-88.7147   3250
-88.6207   3500
-88.3914   3750
-87.921   4000
-87.9269   4250
-88.0621   4500
-88.3326   4750
-88.5795   5000
-88.3149   5250
-88.1856   5500
-88.0621   5750
-88.1621   6000
-88.0503   6250
-87.9504   6500
-87.8269   6750
-87.7387   7000
-87.8269   7250
-88.2796   7500
-88.2914   7750
-87.8798   8000
-88.0033   8250
-87.7916   8500
-87.4918   8750
-87.4271   9000
-87.4624   9250
-87.6564   9500
-87.4036   9750
-86.992   10000
-87.3507   10250
-87.7387   10500
-87.4212   10750
-86.7921   11000
-86.6922   11250
-87.0273   11500
-87.4859   11750
-87.8328   12000
-87.3918   12250
-87.2978   12500
-87.6976   12750
-87.5329   13000
-87.092   13250
-87.0802   13500
-87.0273   13750
-86.7098   14000
-86.5099   14250
-86.9097   14500
-86.8862   14750
-86.6745   15000
-86.4394   15250
-86.557   15500
-86.7039   15750
-86.7745   16000
-86.8215   16250
-86.6099   16500
-86.5628   16750
-86.4041   17000
-86.2336   17250
-85.7985   17500
-85.5633   17750
-85.7103   18000
-85.9808   18250
-86.2865   18500
-86.1748   18750
-85.9631   19000
-85.7162   19250
-85.5457   19500
-86.0513   19750
-86.5511   20000
-86.4923   20250
-85.922   20500
-85.5574   20750
-85.6927   21000
-85.7691   21250
-85.8514   21500
-85.5222   21750
-85.2458   22000
-85.0459   22250
-84.9812   22500
-84.9989   22750
-85.6221   23000
-86.0572   23250
-85.775   23500
-85.6809   23750
-85.7103   24000
-85.6221   24250
-85.6045   24500
-85.4046   24750
-85.4281   25000
-85.1694   25250
-84.993   25500
-85.1576   25750
-85.2341   26000
-85.1929   26250
-85.3869   26500
-85.5868   26750
-85.2047   27000
-85.0518   27250
-85.0577   27500
-84.7696   27750
-84.9871   28000
-85.4046   28250
-85.4104   28500
-85.1047   28750
-84.8284   29000
-84.5756   29250
-84.4874   29500
-84.6814   29750
-84.9518   30000
-84.8519   30250
-84.8225   30500
-84.8519   30750
-84.7872   31000
-84.4403   31250
-84.117   31500
-84.3286   31750
-84.7637   32000
-85.1224   32250
-85.2517   32500
-85.2282   32750
-85.0988   33000
-84.5814   33250
-84.2933   33500
-84.5285   33750
-84.9283   34000
-84.8931   34250
-84.1758   34500
-83.7348   34750
-83.9935   35000
-84.1228   35250
-84.1758   35500
-83.8994   35750
-83.482   36000
-83.2821   36250
-83.2938   36500
-83.6231   36750
-84.4462   37000
-84.4932   37250
-84.4403   37500
-84.7637   37750
-85.0577   38000
-85.1635   38250
-84.9342   38500
-84.505   38750
-84.4874   39000
-84.6285   39250
-84.6932   39500
-84.8754   39750
-84.4874   40000
-84.1228   40250
-84.3815   40500
-85.0342   40750
-85.2517   41000
-85.0988   41250
-84.9225   41500
-84.6814   41750
-84.5168   42000
-84.4462   42250
-84.458   42500
-84.6579   42750
-84.6344   43000
-84.4051   43250
-84.4815   43500
-84.552   43750
-84.3051   44000
-84.3169   44250
-84.4932   44500
-84.4462   44750
-84.3992   45000
-84.3169   45250
-84.5226   45500
-84.7755   45750
-84.4932   46000
-84.5991   46250
-84.7284   46500
-84.6873   46750
-84.5579   47000
-84.7402   47250
-84.6402   47500
-84.3933   47750
-83.9935   48000
-83.8524   48250
-84.4168   48500
-84.9048   48750
-84.6873   49000
-84.4756   49250
-84.311   49500
-84.3933   49750
-84.7872   50000
-84.8931   50250
-84.6344   50500
-84.6579   50750
-84.5697   51000
-84.3639   51250
-84.6167   51500
-84.9401   51750
-84.6579   52000
-84.4403   52250
-84.1464   52500
-83.9406   52750
-83.7818   53000
-83.87   53250
-84.1875   53500
-84.505   53750
-84.4874   54000
-84.1993   54250
-83.9817   54500
-84.1875   54750
-84.1993   55000
-83.9876   55250
-83.8818   55500
-83.9759   55750
-84.1758   56000
-84.505   56250
-84.7931   56500
-84.5462   56750
-84.5226   57000
-84.9283   57250
-85.1341   57500
-84.9636   57750
-84.5697   58000
-84.3463   58250
-84.5697   58500
-84.6755   58750
-84.4756   59000
-84.5109   59250
-84.5932   59500
-84.7519   59750
-84.6814   60000
-84.4991   60250
-84.5697   60500
-84.5168   60750
-84.1875   61000
-83.776   61250
-83.8112   61500
-84.3169   61750
-84.6461   62000
-84.6873   62250
-84.2875   62500
-84.2346   62750
-84.7049   63000
-84.7578   63250
-84.3815   63500
-84.0523   63750
-84.358   64000
-84.7167   64250
-84.3874   64500
-83.9465   64750
-83.9935   65000
-84.0229   65250
-83.8641   65500
-83.9465   65750
-84.1228   66000
-84.4697   66250
-84.505   66500
-84.5226   66750
-84.0876   67000
-84.0934   67250
-84.4521   67500
-84.4227   67750
-83.9935   68000
-84.0111   68250
-84.3404   68500
-84.4051   68750
-84.0523   69000
-84.2816   69250
-84.9636   69500
-84.8343   69750
-84.8695   70000
-84.8872   70250
-84.5697   70500
-84.6638   70750
-85.0577   71000
-85.1694   71250
-84.8225   71500
-84.7813   71750
-84.9989   72000
-84.7167   72250
-84.4639   72500
-84.9048   72750
-85.4281   73000
-85.2635   73250
-85.04   73500
-84.7578   73750
-84.5109   74000
-85.1341   74250
-85.4457   74500
-84.9342   74750
-84.8166   75000
-85.0577   75250
-85.3517   75500
-84.8284   75750
-84.505   76000
-84.4051   76250
-84.1816   76500
-84.8578   76750
-85.4751   77000
-85.3399   77250
-85.0988   77500
-85.2341   77750
-85.1811   78000
-84.6814   78250
-84.7167   78500
-84.9107   78750
-85.2693   79000
-85.4046   79250
-85.287   79500
-85.0871   79750
-84.9518   80000
-84.9577   80250
-84.8872   80500
-84.9166   80750
-85.0165   81000
-84.9225   81250
-84.7637   81500
-84.946   81750
-85.528   82000
-85.5516   82250
-85.4928   82500
-85.581   82750
-85.334   83000
-85.0694   83250
-85.3223   83500
-85.4222   83750
-85.0048   84000
-84.9107   84250
-85.2987   84500
-85.3517   84750
-85.3281   85000
-85.4634   85250
-85.5339   85500
-85.1753   85750
-84.8225   86000
-84.7872   86250
-84.7519   86500
-84.505   86750
-84.3404   87000
-84.3051   87250
-84.7343   87500
-84.7637   87750
-84.6285   88000
-84.4521   88250
-84.1993   88500
-84.1464   88750
-84.5168   89000
-85.1811   89250
-85.5868   89500
-85.2223   89750
-84.5285   90000
-84.5873   90250
-84.7578   90500
-84.7461   90750
-84.7049   91000
-84.8107   91250
-84.8401   91500
-84.9636   91750
-84.8931   92000
-84.9225   92250
-84.9342   92500
-84.8695   92750
-84.8049   93000
-84.6814   93250
-84.6638   93500
-84.4462   93750
-84.164   94000
-84.3757   94250
-84.7167   94500
-84.9048   94750
-85.0342   95000
-85.1576   95250
-84.6696   95500
-84.3463   95750
-84.3169   96000
-84.4874   96250
-84.7755   96500
-85.0812   96750
-85.0518   97000
-84.4697   97250
-84.6226   97500
-84.8225   97750
-84.9518   98000
-85.1047   98250
-84.4462   98500
-84.2052   98750
-84.3463   99000
-84.5638   99250
-84.605   99500
-84.3874   99750
