%06/29/2016 1:07 PM

-45.3829   0
-48.7283   250
-59.4819   500
-79.8955   750
-84.652   1000
-84.6873   1250
-84.9283   1500
-85.2399   1750
-85.7397   2000
-85.9572   2250
-86.0278   2500
-85.822   2750
-86.016   3000
-86.5628   3250
-86.4688   3500
-86.2924   3750
-86.2865   4000
-86.1277   4250
-86.163   4500
-86.4864   4750
-86.5158   5000
-86.1101   5250
-85.7338   5500
-86.1924   5750
-86.6157   6000
-86.2042   6250
-85.6809   6500
-85.528   6750
-85.8161   7000
-85.9925   7250
-85.9455   7500
-85.9396   7750
-86.0396   8000
-86.0748   8250
-86.1571   8500
-86.0454   8750
-86.0102   9000
-86.0454   9250
-86.0748   9500
-85.8926   9750
-85.7632   10000
-85.7632   10250
-85.9984   10500
-86.3394   10750
-86.1219   11000
-85.9396   11250
-85.8984   11500
-86.0278   11750
-85.9278   12000
-86.1571   12250
-86.4746   12500
-86.0513   12750
-85.7515   13000
-85.9337   13250
-85.869   13500
-85.9925   13750
-86.357   14000
-86.3335   14250
-85.869   14500
-85.8514   14750
-86.2747   15000
-86.4394   15250
-86.5863   15500
-86.4629   15750
-86.3041   16000
-86.3335   16250
-86.504   16500
-86.5276   16750
-86.651   17000
-86.651   17250
-86.2747   17500
-86.3806   17750
-86.5276   18000
-85.9631   18250
-85.434   18500
-85.6691   18750
-86.0454   19000
-86.0748   19250
-86.1454   19500
-86.1513   19750
-85.8926   20000
-85.8926   20250
-86.1865   20500
-86.4394   20750
-86.2747   21000
-86.3629   21250
-86.2689   21500
-86.1513   21750
-86.1513   22000
-86.0572   22250
-85.8279   22500
-86.2571   22750
-86.8862   23000
-86.9568   23250
-86.5805   23500
-86.6922   23750
-87.1861   24000
-87.2684   24250
-86.7098   24500
-86.3394   24750
-86.5746   25000
-86.8627   25250
-87.0685   25500
-87.0449   25750
-86.8568   26000
-86.4158   26250
-86.3747   26500
-86.6157   26750
-86.5746   27000
-86.6687   27250
-86.9156   27500
-87.1096   27750
-86.9509   28000
-86.9626   28250
-87.0391   28500
-87.1331   28750
-87.1449   29000
-87.0802   29250
-87.1919   29500
-87.3095   29750
-87.1861   30000
-87.1449   30250
-86.9215   30500
-86.8039   30750
-86.8627   31000
-87.0391   31250
-87.3918   31500
-87.6153   31750
-87.4977   32000
-87.433   32250
-87.2566   32500
-86.9744   32750
-86.5511   33000
-86.5863   33250
-87.286   33500
-87.4977   33750
-87.2625   34000
-87.0743   34250
-86.6981   34500
-86.898   34750
-87.1567   35000
-87.092   35250
-87.0802   35500
-86.9685   35750
-86.6451   36000
-86.5334   36250
-86.5628   36500
-86.6569   36750
-86.7686   37000
-86.5922   37250
-86.6099   37500
-86.9626   37750
-87.0038   38000
-86.9097   38250
-86.9509   38500
-87.2919   38750
-87.6094   39000
-87.8622   39250
-87.7505   39500
-87.627   39750
-87.4742   40000
-87.6741   40250
-88.215   40500
-88.3208   40750
-88.0915   41000
-87.7387   41250
-87.7564   41500
-87.5976   41750
-87.6682   42000
-87.8504   42250
-88.1268   42500
-88.4207   42750
-88.2914   43000
-88.0092   43250
-87.8798   43500
-87.8916   43750
-87.9798   44000
-88.1856   44250
-87.9915   44500
-87.7681   44750
-87.921   45000
-88.0445   45250
-88.1679   45500
-88.0856   45750
-87.8916   46000
-87.7681   46250
-88.0033   46500
-88.1973   46750
-88.2385   47000
-88.5442   47250
-88.3443   47500
-87.921   47750
-87.8681   48000
-87.8152   48250
-87.921   48500
-87.9621   48750
-88.0092   49000
-88.4795   49250
-88.7853   49500
-88.7206   49750
-88.1503   50000
-88.0797   50250
-88.3326   50500
-88.4266   50750
-88.3914   51000
-88.2796   51250
-88.2385   51500
-88.3384   51750
-88.3384   52000
-88.3208   52250
-88.5736   52500
-88.797   52750
-88.4972   53000
-88.1503   53250
-88.0151   53500
-88.0386   53750
-88.2561   54000
-88.3855   54250
-88.2855   54500
-88.362   54750
-88.5325   55000
-88.4913   55250
-88.4325   55500
-88.5266   55750
-88.5325   56000
-88.2561   56250
-87.9739   56500
-88.2914   56750
-88.703   57000
-88.7912   57250
-88.5619   57500
-88.6971   57750
-88.8147   58000
-88.6912   58250
-88.4737   58500
-88.3502   58750
-88.2502   59000
-88.1797   59250
-88.2738   59500
-88.2973   59750
-88.1091   60000
-88.2561   60250
-88.7735   60500
-88.3972   60750
-88.0151   61000
-88.1621   61250
-88.362   61500
-88.2326   61750
-88.2385   62000
-88.5795   62250
-88.6442   62500
-88.0562   62750
-88.0974   63000
-88.0151   63250
-87.821   63500
-87.8152   63750
-87.6682   64000
-87.2625   64250
-87.1096   64500
-87.6153   64750
-87.8681   65000
-87.4859   65250
-87.7564   65500
-88.1091   65750
-88.4795   66000
-88.7265   66250
-88.2444   66500
-87.4859   66750
-87.5094   67000
-88.0033   67250
-88.1327   67500
-88.3502   67750
-88.409   68000
-88.4737   68250
-88.2679   68500
-88.1914   68750
-88.4443   69000
-88.1444   69250
-88.2385   69500
-88.6618   69750
-88.556   70000
-88.6383   70250
-88.4795   70500
-88.2208   70750
-87.9151   71000
-87.9386   71250
-88.2973   71500
-88.3855   71750
-88.3326   72000
-88.4149   72250
-88.3972   72500
-88.5736   72750
-88.4795   73000
-88.409   73250
-88.4325   73500
-88.1679   73750
-88.2914   74000
-88.6912   74250
-88.9323   74500
-88.7206   74750
-88.1385   75000
-88.2267   75250
-88.6207   75500
-88.362   75750
-88.2738   76000
-88.3267   76250
-88.4678   76500
-88.8793   76750
-88.4854   77000
-88.0386   77250
-88.1914   77500
-88.4737   77750
-88.4678   78000
-88.6736   78250
-89.0793   78500
-89.2027   78750
-89.0616   79000
-89.0087   79250
-88.8676   79500
-89.2262   79750
-89.1792   80000
-88.6442   80250
-88.8323   80500
-89.2733   80750
-89.4497   81000
-89.4379   81250
-89.3732   81500
-89.1145   81750
-89.3144   82000
-89.5085   82250
-88.8676   82500
-88.6794   82750
-88.6501   83000
-88.5148   83250
-88.4795   83500
-88.6324   83750
-88.6677   84000
-88.5442   84250
-88.6148   84500
-88.5501   84750
-88.4619   85000
-88.4149   85250
-88.4913   85500
-88.6207   85750
-88.7324   86000
-88.8793   86250
-88.4972   86500
-88.3267   86750
-88.0327   87000
-87.6623   87250
-87.3213   87500
-87.1449   87750
-87.4565   88000
-87.9621   88250
-88.2914   88500
-88.1091   88750
-87.5212   89000
-87.2978   89250
-87.5565   89500
-87.874   89750
-87.6211   90000
-87.2096   90250
-87.5565   90500
-87.7328   90750
-87.2978   91000
-87.0626   91250
-86.604   91500
-86.2865   91750
-86.9862   92000
-87.2155   92250
-87.386   92500
-87.2919   92750
-87.1155   93000
-87.1273   93250
-87.1802   93500
-86.6922   93750
-85.8749   94000
-85.5457   94250
-86.4805   94500
-87.3036   94750
-87.4918   95000
-87.2507   95250
-86.9509   95500
-86.9862   95750
-87.0449   96000
-86.8156   96250
-87.139   96500
-87.2801   96750
-87.4095   97000
-87.3448   97250
-87.2625   97500
-87.2625   97750
-87.2331   98000
-87.4918   98250
-87.8152   98500
-87.6094   98750
-87.386   99000
-87.5212   99250
-87.1978   99500
-86.6687   99750
