%06/29/2016 11:14 AM

-52.2266   0
-55.572   31.25
-66.308   62.5
-83.2997   93.75
-83.4055   125
-87.6917   156.25
-94.947   187.5
-94.2767   218.75
-93.6476   250
-94.8   281.25
-95.3586   312.5
-96.0641   343.75
-96.5697   375
-96.605   406.25
-96.3522   437.5
-96.3051   468.75
-95.8583   500
-95.8172   531.25
-96.7285   562.5
-97.2341   593.75
-96.993   625
-96.899   656.25
-96.9343   687.5
-97.1577   718.75
-97.0989   750
-96.6756   781.25
-96.5403   812.5
-96.605   843.75
-96.2464   875
-95.9818   906.25
-96.4992   937.5
-96.7344   968.75
-96.7461   1000
-96.9343   1031.25
-97.5869   1062.5
-97.2988   1093.75
-96.8696   1125
-97.2106   1156.25
-97.0695   1187.5
-96.7873   1218.75
-96.8402   1250
-97.2517   1281.25
-97.3282   1312.5
-97.2282   1343.75
-96.9813   1375
-96.6697   1406.25
-96.9343   1437.5
-97.3399   1468.75
-97.2576   1500
-96.9401   1531.25
-96.6991   1562.5
-96.9872   1593.75
-97.0695   1625
-96.946   1656.25
-97.1988   1687.5
-97.6339   1718.75
-97.1988   1750
-97.1048   1781.25
-96.9107   1812.5
-97.1871   1843.75
-97.3105   1875
-97.2517   1906.25
-97.4458   1937.5
-97.4634   1968.75
-97.24   2000
-97.1518   2031.25
-97.3105   2062.5
-97.2576   2093.75
-97.3223   2125
-97.4693   2156.25
-97.628   2187.5
-97.2694   2218.75
-96.9578   2250
-96.8049   2281.25
-97.1753   2312.5
-97.628   2343.75
-98.1219   2375
-97.8279   2406.25
-97.481   2437.5
-97.7691   2468.75
-97.4046   2500
-97.4399   2531.25
-97.9102   2562.5
-97.7397   2593.75
-97.4105   2625
-97.4693   2656.25
-97.4516   2687.5
-97.5516   2718.75
-97.5869   2750
-97.4928   2781.25
-97.6457   2812.5
-97.1753   2843.75
-97.0871   2875
-97.6222   2906.25
-97.5751   2937.5
-97.3047   2968.75
-97.2929   3000
-97.8103   3031.25
-98.0278   3062.5
-98.2748   3093.75
-97.628   3125
-97.4987   3156.25
-97.4046   3187.5
-97.4399   3218.75
-97.775   3250
-97.9749   3281.25
-98.2277   3312.5
-97.9338   3343.75
-97.5634   3375
-97.6045   3406.25
-98.1043   3437.5
-98.0278   3468.75
-97.7927   3500
-97.7162   3531.25
-97.875   3562.5
-97.6927   3593.75
-97.7691   3625
-97.481   3656.25
-97.24   3687.5
-96.9754   3718.75
-96.8343   3750
-97.046   3781.25
-97.4458   3812.5
-97.4399   3843.75
-97.6751   3875
-97.728   3906.25
-97.4223   3937.5
-96.8343   3968.75
-96.6344   4000
-97.1459   4031.25
-97.3517   4062.5
-97.093   4093.75
-97.434   4125
-97.2929   4156.25
-96.8578   4187.5
-97.2694   4218.75
-97.4458   4250
-97.3987   4281.25
-97.0812   4312.5
-96.9872   4343.75
-97.046   4375
-96.8167   4406.25
-96.2758   4437.5
-96.5109   4468.75
-97.0695   4500
-97.7221   4531.25
-97.8103   4562.5
-97.2811   4593.75
-97.3105   4625
-97.8221   4656.25
-97.9396   4687.5
-98.0278   4718.75
-98.2865   4750
-97.9338   4781.25
-97.2282   4812.5
-97.2694   4843.75
-97.5222   4875
-97.875   4906.25
-98.3159   4937.5
-97.775   4968.75
-97.3635   5000
-97.4928   5031.25
-97.2929   5062.5
-96.8049   5093.75
-96.5697   5125
-97.0224   5156.25
-97.2282   5187.5
-97.093   5218.75
-97.3223   5250
-97.2223   5281.25
-97.3399   5312.5
-97.4516   5343.75
-97.3929   5375
-97.2635   5406.25
-96.6168   5437.5
-96.9166   5468.75
-97.3811   5500
-97.4752   5531.25
-97.1459   5562.5
-97.14   5593.75
-97.8103   5625
-97.9161   5656.25
-97.6222   5687.5
-97.3635   5718.75
-97.3752   5750
-97.4458   5781.25
-97.5163   5812.5
-97.3458   5843.75
-97.1518   5875
-97.1871   5906.25
-97.3929   5937.5
-97.4987   5968.75
-97.3752   6000
-97.4046   6031.25
-97.4105   6062.5
-97.3399   6093.75
-97.3811   6125
-97.728   6156.25
-97.5869   6187.5
-97.0048   6218.75
-96.7285   6250
-97.3164   6281.25
-97.2576   6312.5
-96.6932   6343.75
-96.7226   6375
-97.1106   6406.25
-97.5869   6437.5
-97.3635   6468.75
-96.9872   6500
-97.3164   6531.25
-97.3811   6562.5
-97.3223   6593.75
-97.534   6625
-97.7397   6656.25
-97.7456   6687.5
-97.6045   6718.75
-97.6809   6750
-97.6516   6781.25
-97.3987   6812.5
-97.3105   6843.75
-96.9989   6875
-96.7814   6906.25
-97.046   6937.5
-97.5281   6968.75
-97.775   7000
-97.5516   7031.25
-97.7868   7062.5
-97.8103   7093.75
-97.534   7125
-97.4575   7156.25
-97.6986   7187.5
-97.5692   7218.75
-97.2047   7250
-97.2694   7281.25
-97.3752   7312.5
-97.2282   7343.75
-97.1224   7375
-97.2165   7406.25
-96.9049   7437.5
-97.2811   7468.75
-97.1165   7500
-96.9754   7531.25
-97.3987   7562.5
-97.6045   7593.75
-97.4281   7625
-97.3458   7656.25
-96.8696   7687.5
-97.2106   7718.75
-97.3164   7750
-97.24   7781.25
-97.3458   7812.5
-97.0107   7843.75
-96.799   7875
-97.2282   7906.25
-97.4164   7937.5
-96.8519   7968.75
-96.899   8000
-97.2929   8031.25
-97.0577   8062.5
-96.605   8093.75
-96.1876   8125
-96.3698   8156.25
-96.6168   8187.5
-97.046   8218.75
-96.9519   8250
-97.1283   8281.25
-97.1283   8312.5
-97.0283   8343.75
-97.3341   8375
-97.4869   8406.25
-97.1165   8437.5
-96.8755   8468.75
-96.7696   8500
-97.3047   8531.25
-97.8103   8562.5
-98.0455   8593.75
-97.3576   8625
-97.1636   8656.25
-97.5692   8687.5
-97.5163   8718.75
-97.24   8750
-96.9872   8781.25
-96.7755   8812.5
-96.7285   8843.75
-96.5991   8875
-97.0636   8906.25
-96.8519   8937.5
-97.0048   8968.75
-96.8284   9000
-97.387   9031.25
-97.24   9062.5
-96.7873   9093.75
-96.5344   9125
-96.5168   9156.25
-96.9107   9187.5
-96.9695   9218.75
-97.1753   9250
-97.193   9281.25
-97.0636   9312.5
-96.6873   9343.75
-96.5109   9375
-96.7285   9406.25
-96.899   9437.5
-97.1165   9468.75
-96.9225   9500
-96.6226   9531.25
-96.605   9562.5
-96.7873   9593.75
-97.0518   9625
-96.9578   9656.25
-96.5168   9687.5
-96.4169   9718.75
-96.4933   9750
-96.6168   9781.25
-96.8519   9812.5
-97.3399   9843.75
-97.193   9875
-96.8049   9906.25
-96.8813   9937.5
-97.0224   9968.75
-97.1577   10000
-97.14   10031.3
-97.193   10062.5
-97.2753   10093.8
-96.8755   10125
-96.3757   10156.3
-96.5874   10187.5
-96.9637   10218.8
-96.8049   10250
-96.6873   10281.3
-96.9989   10312.5
-96.9754   10343.8
-96.3757   10375
-96.2405   10406.3
-96.2934   10437.5
-96.7461   10468.8
-96.8108   10500
-97.0342   10531.3
-97.1165   10562.5
-96.705   10593.8
-96.5462   10625
-96.8343   10656.3
-96.9519   10687.5
-96.7873   10718.8
-96.9989   10750
-96.7637   10781.3
-96.705   10812.5
-96.5874   10843.8
-96.3933   10875
-96.3345   10906.3
-96.5286   10937.5
-96.558   10968.8
-96.4169   11000
-96.5227   11031.3
-96.8284   11062.5
-97.0518   11093.8
-97.3635   11125
-97.0812   11156.3
-97.0107   11187.5
-96.7579   11218.8
-96.5344   11250
-96.6403   11281.3
-96.6638   11312.5
-97.0695   11343.8
-97.093   11375
-97.1871   11406.3
-97.24   11437.5
-97.24   11468.8
-97.3223   11500
-97.093   11531.3
-97.0636   11562.5
-97.2694   11593.8
-96.8813   11625
-96.3933   11656.3
-96.2228   11687.5
-96.0876   11718.8
-96.1464   11750
-96.1405   11781.3
-96.1934   11812.5
-96.1582   11843.8
-96.7461   11875
-96.8755   11906.3
-96.4521   11937.5
-96.5815   11968.8
-97.0342   12000
-96.9695   12031.3
-96.5521   12062.5
-96.0582   12093.8
-95.7231   12125
-95.8289   12156.3
-95.9112   12187.5
-96.1052   12218.8
-96.5168   12250
-96.5638   12281.3
-96.5462   12312.5
-96.7461   12343.8
-97.1165   12375
-96.7579   12406.3
-96.4404   12437.5
-96.2522   12468.8
