%03/29/2017 9:53 PM

-83.3442   0
-86.6838   31.25
-97.4609   62.5
-119.05   93.75
-141.322   125
-142.022   156.25
-142.903   187.5
-143.574   218.75
-143.515   250
-143.386   281.25
-143.033   312.5
-142.704   343.75
-142.903   375
-143.533   406.25
-144.144   437.5
-144.179   468.75
-143.791   500
-143.926   531.25
-144.332   562.5
-144.326   593.75
-144.044   625
-143.932   656.25
-144.262   687.5
-144.667   718.75
-144.679   750
-145.002   781.25
-144.873   812.5
-144.185   843.75
-144.009   875
-144.073   906.25
-144.238   937.5
-144.332   968.75
-144.52   1000
-144.403   1031.25
-144.285   1062.5
-144.262   1093.75
-144.268   1125
-144.444   1156.25
-144.52   1187.5
-144.379   1218.75
-143.744   1250
-143.533   1281.25
-144.467   1312.5
-144.55   1343.75
-143.797   1375
-143.386   1406.25
-143.685   1437.5
-144.379   1468.75
-144.673   1500
-144.573   1531.25
-144.932   1562.5
-145.02   1593.75
-144.92   1625
-144.632   1656.25
-144.897   1687.5
-144.609   1718.75
-144.156   1750
-144.244   1781.25
-143.991   1812.5
-143.938   1843.75
-144.444   1875
-144.409   1906.25
-144.303   1937.5
-144.52   1968.75
-144.597   2000
-144.656   2031.25
-144.397   2062.5
-144.45   2093.75
-144.726   2125
-144.714   2156.25
-144.409   2187.5
-144.273   2218.75
-144.503   2250
-144.65   2281.25
-144.703   2312.5
-145.085   2343.75
-144.579   2375
-144.456   2406.25
-144.609   2437.5
-144.385   2468.75
-144.526   2500
-144.491   2531.25
-144.285   2562.5
-144.432   2593.75
-144.42   2625
-144.191   2656.25
-144.426   2687.5
-144.703   2718.75
-144.832   2750
-144.62   2781.25
-144.121   2812.5
-144.367   2843.75
-144.185   2875
-144.203   2906.25
-144.062   2937.5
-144.291   2968.75
-144.45   3000
-144.22   3031.25
-144.42   3062.5
-144.567   3093.75
-144.191   3125
-144.467   3156.25
-144.803   3187.5
-144.567   3218.75
-144.491   3250
-144.62   3281.25
-144.726   3312.5
-145.026   3343.75
-144.955   3375
-144.756   3406.25
-144.479   3437.5
-144.609   3468.75
-144.585   3500
-144.556   3531.25
-144.744   3562.5
-144.826   3593.75
-145.097   3625
-145.002   3656.25
-144.591   3687.5
-144.115   3718.75
-144.22   3750
-144.256   3781.25
-144.238   3812.5
-144.215   3843.75
-144.268   3875
-144.656   3906.25
-145.032   3937.5
-144.838   3968.75
-144.779   4000
-144.932   4031.25
-144.814   4062.5
-144.826   4093.75
-144.609   4125
-144.509   4156.25
-144.297   4187.5
-144.185   4218.75
-144.403   4250
-144.462   4281.25
-144.068   4312.5
-144.032   4343.75
-144.232   4375
-144.603   4406.25
-144.785   4437.5
-144.679   4468.75
-144.726   4500
-144.714   4531.25
-144.591   4562.5
-144.467   4593.75
-144.032   4625
-143.915   4656.25
-144.262   4687.5
-144.467   4718.75
-144.538   4750
-144.32   4781.25
-145.061   4812.5
-145.249   4843.75
-144.697   4875
-144.726   4906.25
-144.362   4937.5
-144.103   4968.75
-144.191   5000
-144.356   5031.25
-144.797   5062.5
-145.155   5093.75
-144.638   5125
-144.32   5156.25
-144.215   5187.5
-144.632   5218.75
-144.691   5250
-145.049   5281.25
-145.285   5312.5
-144.673   5343.75
-144.979   5375
-144.861   5406.25
-144.75   5437.5
-144.861   5468.75
-145.249   5500
-145.126   5531.25
-144.82   5562.5
-144.732   5593.75
-144.567   5625
-144.385   5656.25
-144.667   5687.5
-145.067   5718.75
-145.02   5750
-145.097   5781.25
-144.638   5812.5
-144.473   5843.75
-144.756   5875
-144.585   5906.25
-144.015   5937.5
-144.244   5968.75
-144.303   6000
-144.32   6031.25
-144.185   6062.5
-144.009   6093.75
-144.244   6125
-144.679   6156.25
-144.726   6187.5
-144.661   6218.75
-144.315   6250
-144.32   6281.25
-144.991   6312.5
-144.92   6343.75
-144.785   6375
-144.973   6406.25
-144.614   6437.5
-144.344   6468.75
-144.873   6500
-144.532   6531.25
-144.503   6562.5
-144.756   6593.75
-144.967   6625
-145.085   6656.25
-145.449   6687.5
-144.967   6718.75
-144.544   6750
-144.732   6781.25
-144.773   6812.5
-144.902   6843.75
-144.479   6875
-144.379   6906.25
-144.52   6937.5
-144.85   6968.75
-144.679   7000
-144.591   7031.25
-144.644   7062.5
-144.732   7093.75
-144.797   7125
-144.603   7156.25
-144.567   7187.5
-145.014   7218.75
-145.114   7250
-144.885   7281.25
-144.603   7312.5
-144.532   7343.75
-144.791   7375
-145.167   7406.25
-144.814   7437.5
-144.362   7468.75
-144.708   7500
-145.196   7531.25
-144.761   7562.5
-144.432   7593.75
-144.373   7625
-144.438   7656.25
-144.673   7687.5
-144.944   7718.75
-144.891   7750
-144.573   7781.25
-144.538   7812.5
-144.591   7843.75
-144.756   7875
-144.656   7906.25
-144.467   7937.5
-144.556   7968.75
-144.514   8000
-144.72   8031.25
-144.814   8062.5
-144.744   8093.75
-144.332   8125
-144.609   8156.25
-145.355   8187.5
-145.314   8218.75
-144.938   8250
-144.779   8281.25
-144.614   8312.5
-144.697   8343.75
-144.609   8375
-144.944   8406.25
-144.979   8437.5
-144.732   8468.75
-144.732   8500
-144.797   8531.25
-145.085   8562.5
-144.797   8593.75
-144.379   8625
-144.75   8656.25
-144.979   8687.5
-144.703   8718.75
-144.603   8750
-144.656   8781.25
-144.609   8812.5
-144.779   8843.75
-144.991   8875
-145.279   8906.25
-145.255   8937.5
-144.726   8968.75
-144.838   9000
-144.973   9031.25
-144.697   9062.5
-144.638   9093.75
-144.591   9125
-144.761   9156.25
-144.55   9187.5
-144.744   9218.75
-144.514   9250
-144.744   9281.25
-144.908   9312.5
-144.955   9343.75
-145.22   9375
-145.62   9406.25
-145.479   9437.5
-145.291   9468.75
-144.714   9500
-144.344   9531.25
-144.52   9562.5
-144.697   9593.75
-144.309   9625
-144.703   9656.25
-145.485   9687.5
-145.373   9718.75
-144.985   9750
-144.567   9781.25
-144.262   9812.5
-144.362   9843.75
-144.867   9875
-145.155   9906.25
-145.014   9937.5
-144.85   9968.75
-145.02   10000
-145.426   10031.3
-145.014   10062.5
-144.95   10093.8
-145.073   10125
-145.155   10156.3
-145.202   10187.5
-144.75   10218.8
-144.514   10250
-144.503   10281.3
-144.403   10312.5
-144.509   10343.8
-144.708   10375
-144.703   10406.3
-144.679   10437.5
-144.832   10468.8
-144.861   10500
-144.844   10531.3
-144.902   10562.5
-145.038   10593.8
-144.891   10625
-144.773   10656.3
-144.385   10687.5
-144.367   10718.8
-144.532   10750
-144.697   10781.3
-144.691   10812.5
-144.273   10843.8
-143.879   10875
-144.297   10906.3
-144.726   10937.5
-144.85   10968.8
-145.167   11000
-144.803   11031.3
-144.385   11062.5
-144.438   11093.8
-144.855   11125
-144.967   11156.3
-145.114   11187.5
-144.944   11218.8
-144.42   11250
-144.115   11281.3
-144.138   11312.5
-144.115   11343.8
-144.309   11375
-144.808   11406.3
-144.991   11437.5
-144.844   11468.8
-144.65   11500
-144.744   11531.3
-144.95   11562.5
-144.92   11593.8
-144.855   11625
-144.691   11656.3
-144.532   11687.5
-144.35   11718.8
-144.232   11750
-144.92   11781.3
-144.955   11812.5
-145.085   11843.8
-145.332   11875
-145.108   11906.3
-144.885   11937.5
-145.261   11968.8
-144.861   12000
-144.514   12031.3
-144.955   12062.5
-145.144   12093.8
-145.114   12125
-144.908   12156.3
-144.785   12187.5
-144.967   12218.8
-144.614   12250
-144.902   12281.3
-145.044   12312.5
-144.603   12343.8
-144.644   12375
-144.744   12406.3
-144.514   12437.5
-144.479   12468.8
