%03/29/2017 9:49 PM

-110.513   0
-113.859   250
-124.618   500
-141.704   750
-143.168   1000
-143.139   1250
-143.627   1500
-143.797   1750
-143.821   2000
-144.026   2250
-144.279   2500
-144.185   2750
-144.056   3000
-144.162   3250
-144.203   3500
-143.685   3750
-143.468   4000
-143.897   4250
-144.45   4500
-144.544   4750
-144.168   5000
-144.215   5250
-144.344   5500
-144.373   5750
-144.326   6000
-144.268   6250
-144.268   6500
-144.509   6750
-144.385   7000
-144.062   7250
-144.362   7500
-144.632   7750
-144.22   8000
-143.668   8250
-143.791   8500
-144.244   8750
-143.832   9000
-143.333   9250
-143.574   9500
-144.085   9750
-144.379   10000
-144.073   10250
-144.056   10500
-144.497   10750
-144.485   11000
-144.656   11250
-144.855   11500
-144.591   11750
-144.15   12000
-144.379   12250
-144.456   12500
-144.45   12750
-144.75   13000
-144.644   13250
-143.985   13500
-143.609   13750
-143.709   14000
-143.533   14250
-143.832   14500
-144.232   14750
-144.162   15000
-143.821   15250
-143.879   15500
-143.838   15750
-143.568   16000
-143.544   16250
-143.709   16500
-143.538   16750
-143.15   17000
-143.533   17250
-143.491   17500
-142.903   17750
-143.027   18000
-143.086   18250
-142.545   18500
-141.922   18750
-141.457   19000
-141.363   19250
-141.134   19500
-140.599   19750
-139.74   20000
-139.252   20250
-138.353   20500
-136.771   20750
-135.807   21000
-135.36   21250
-134.531   21500
-133.49   21750
-132.691   22000
-132.467   22250
-132.82   22500
-133.338   22750
-134.284   23000
-134.996   23250
-136.23   23500
-137.406   23750
-138.106   24000
-138.788   24250
-139.617   24500
-140.399   24750
-140.875   25000
-141.704   25250
-142.368   25500
-142.492   25750
-142.704   26000
-143.497   26250
-143.756   26500
-143.538   26750
-141.822   27000
-138.97   27250
-139.423   27500
-142.498   27750
-144.215   28000
-144.538   28250
-144.82   28500
-144.902   28750
-145.02   29000
-145.32   29250
-145.285   29500
-145.432   29750
-145.802   30000
-146.249   30250
-145.878   30500
-145.579   30750
-145.637   31000
-145.579   31250
-145.761   31500
-146.384   31750
-146.625   32000
-146.455   32250
-146.513   32500
-146.143   32750
-146.002   33000
-146.408   33250
-146.725   33500
-146.902   33750
-146.972   34000
-146.766   34250
-146.261   34500
-146.149   34750
-146.319   35000
-146.772   35250
-146.725   35500
-146.631   35750
-146.902   36000
-147.225   36250
-147.407   36500
-147.313   36750
-147.225   37000
-147.125   37250
-147.031   37500
-147.178   37750
-147.284   38000
-147.46   38250
-147.448   38500
-147.154   38750
-147.066   39000
-146.819   39250
-147.037   39500
-146.902   39750
-146.702   40000
-147.054   40250
-147.384   40500
-147.401   40750
-147.654   41000
-147.572   41250
-147.16   41500
-147.143   41750
-147.419   42000
-147.695   42250
-147.889   42500
-147.484   42750
-147.395   43000
-147.519   43250
-147.66   43500
-147.254   43750
-147.213   44000
-147.495   44250
-147.325   44500
-147.307   44750
-147.413   45000
-147.989   45250
-148.036   45500
-147.836   45750
-147.901   46000
-147.819   46250
-147.431   46500
-147.266   46750
-147.407   47000
-147.19   47250
-146.954   47500
-147.542   47750
-147.778   48000
-147.278   48250
-147.39   48500
-147.619   48750
-147.437   49000
-147.29   49250
-147.272   49500
-147.231   49750
-147.525   50000
-147.977   50250
-148.019   50500
-147.783   50750
-147.284   51000
-147.072   51250
-147.148   51500
-147.413   51750
-147.448   52000
-147.442   52250
-147.607   52500
-147.778   52750
-148.007   53000
-148.101   53250
-148.13   53500
-147.86   53750
-147.754   54000
-147.995   54250
-148.248   54500
-147.86   54750
-147.813   55000
-147.854   55250
-147.778   55500
-147.76   55750
-147.625   56000
-147.419   56250
-147.231   56500
-147.472   56750
-147.642   57000
-147.842   57250
-147.972   57500
-148.107   57750
-148.001   58000
-147.66   58250
-147.472   58500
-147.448   58750
-147.342   59000
-147.054   59250
-147.16   59500
-147.607   59750
-147.56   60000
-147.354   60250
-147.719   60500
-147.66   60750
-147.607   61000
-147.848   61250
-148.048   61500
-148.042   61750
-147.942   62000
-147.789   62250
-147.572   62500
-147.484   62750
-147.431   63000
-147.442   63250
-147.66   63500
-147.93   63750
-148.16   64000
-148.201   64250
-148.077   64500
-147.966   64750
-148.183   65000
-148.413   65250
-148.536   65500
-147.948   65750
-147.566   66000
-147.866   66250
-148.042   66500
-148.072   66750
-148.066   67000
-148.072   67250
-147.942   67500
-147.772   67750
-147.76   68000
-147.713   68250
-147.725   68500
-147.666   68750
-147.83   69000
-147.895   69250
-147.966   69500
-147.666   69750
-147.731   70000
-148.16   70250
-148.413   70500
-148.289   70750
-147.872   71000
-147.93   71250
-148.101   71500
-148.001   71750
-147.683   72000
-147.866   72250
-148.583   72500
-148.36   72750
-148.042   73000
-147.854   73250
-147.848   73500
-147.977   73750
-147.966   74000
-148.207   74250
-148.136   74500
-148.013   74750
-148.236   75000
-148.166   75250
-148.013   75500
-148.342   75750
-148.483   76000
-148.612   76250
-148.495   76500
-148.154   76750
-148.136   77000
-148.295   77250
-148.33   77500
-148.636   77750
-148.289   78000
-148.013   78250
-148.601   78500
-148.595   78750
-148.518   79000
-148.507   79250
-148.595   79500
-148.542   79750
-148.195   80000
-148.095   80250
-148.26   80500
-148.142   80750
-148.124   81000
-148.213   81250
-148.489   81500
-148.401   81750
-148.136   82000
-148.083   82250
-148.324   82500
-148.43   82750
-148.36   83000
-148.342   83250
-148.171   83500
-148.001   83750
-148.036   84000
-147.977   84250
-147.966   84500
-148.336   84750
-148.601   85000
-148.26   85250
-148.201   85500
-148.107   85750
-147.925   86000
-147.442   86250
-147.495   86500
-147.848   86750
-148.001   87000
-148.048   87250
-148.224   87500
-148.019   87750
-148.389   88000
-148.642   88250
-148.512   88500
-148.142   88750
-147.948   89000
-148.183   89250
-148.207   89500
-148.236   89750
-148.318   90000
-148.489   90250
-148.195   90500
-148.025   90750
-148.095   91000
-148.171   91250
-148.224   91500
-148.03   91750
-148.001   92000
-147.989   92250
-147.778   92500
-147.625   92750
-147.778   93000
-148.124   93250
-148.16   93500
-148.36   93750
-148.948   94000
-148.324   94250
-147.519   94500
-147.589   94750
-147.589   95000
-147.825   95250
-147.689   95500
-147.607   95750
-148.148   96000
-148.371   96250
-147.866   96500
-147.578   96750
-147.842   97000
-148.207   97250
-148.124   97500
-147.901   97750
-147.883   98000
-147.736   98250
-147.39   98500
-147.19   98750
-147.607   99000
-147.895   99250
-147.883   99500
-148.013   99750
