%03/29/2017 10:25 PM

-69.3893   0
-72.7289   250
-83.4942   500
-104.866   750
-117.272   1000
-103.708   1250
-82.2125   1500
-71.4354   1750
-68.0841   2000
-71.4236   2250
-82.1714   2500
-103.414   2750
-117.084   3000
-67.7784   3250
-46.1183   3500
-35.3412   3750
-31.9958   4000
-35.3294   4250
-46.1007   4500
-67.749   4750
-117.154   5000
-101.386   5250
-79.6726   5500
-68.8896   5750
-65.5383   6000
-68.8719   6250
-79.6432   6500
-101.127   6750
-116.984   7000
-73.7872   7250
-52.1213   7500
-41.3383   7750
-37.987   8000
-41.3206   8250
-52.086   8500
-73.7343   8750
-116.784   9000
-101.885   9250
-80.2899   9500
-69.5069   9750
-66.1497   10000
-69.4834   10250
-80.2429   10500
-101.774   10750
-116.572   11000
-77.2973   11250
-55.6313   11500
-44.8425   11750
-41.4912   12000
-44.8248   12250
-55.5843   12500
-77.2208   12750
-117.425   13000
-102.691   13250
-81.213   13500
-70.43   13750
-67.0787   14000
-70.4183   14250
-81.1836   14500
-102.744   14750
-116.713   15000
-79.8254   15250
-58.1536   15500
-47.3706   15750
-44.0193   16000
-47.3471   16250
-58.1066   16500
-79.7373   16750
-116.76   17000
-103.62   17250
-82.2654   17500
-71.4942   17750
-68.1429   18000
-71.4707   18250
-82.2302   18500
-103.649   18750
-116.925   19000
-81.8245   19250
-60.1468   19500
-49.3638   19750
-46.0066   20000
-49.3403   20250
-60.0997   20500
-81.748   20750
-117.131   21000
-104.837   21250
-83.3061   21500
-72.5172   21750
-69.16   22000
-72.4937   22250
-83.2473   22500
-104.696   22750
-117.666   23000
-83.5236   23250
-61.8577   23500
-51.0747   23750
-47.7234   24000
-51.0571   24250
-61.8166   24500
-83.4472   24750
-116.931   25000
-105.76   25250
-84.3233   25500
-73.5344   25750
-70.1772   26000
-73.5109   26250
-84.2703   26500
-105.595   26750
-117.254   27000
-85.0406   27250
-63.3687   27500
-52.5858   27750
-49.2344   28000
-52.5681   28250
-63.3276   28500
-84.9524   28750
-117.636   29000
-106.683   29250
-85.3757   29500
-74.5868   29750
-71.2296   30000
-74.5574   30250
-85.3051   30500
-106.407   30750
-117.119   31000
-86.4046   31250
-64.7387   31500
-53.9498   31750
-50.5985   32000
-53.9322   32250
-64.6916   32500
-86.3046   32750
-117.325   33000
-107.618   33250
-86.2458   33500
-75.457   33750
-72.0998   34000
-75.4335   34250
-86.1871   34500
-107.471   34750
-117.413   35000
-87.7098   35250
-66.0322   35500
-55.2433   35750
-51.8861   36000
-55.2198   36250
-65.9734   36500
-87.5805   36750
-117.372   37000
-107.976   37250
-86.8926   37500
-76.1155   37750
-72.7642   38000
-76.092   38250
-86.8632   38500
-108.17   38750
-116.766   39000
-88.9387   39250
-67.2668   39500
-56.4721   39750
-53.1149   40000
-56.4368   40250
-67.1904   40500
-88.8211   40750
-116.631   41000
-109.07   41250
-87.8745   41500
-77.0621   41750
-73.699   42000
-77.0092   42250
-87.7275   42500
-108.37   42750
-116.284   43000
-90.1498   43250
-68.4427   43500
-57.648   43750
-54.2849   44000
-57.601   44250
-68.3428   44500
-89.9323   44750
-117.125   45000
-109.423   45250
-88.6212   45500
-77.8382   45750
-74.4751   46000
-77.797   46250
-88.5271   46500
-108.97   46750
-116.925   47000
-91.3199   47250
-69.6128   47500
-58.8063   47750
-55.4373   48000
-58.7533   48250
-69.4952   48500
-91.0788   48750
-117.166   49000
-109.864   49250
-89.3443   49500
-78.5614   49750
-75.1865   50000
-78.5026   50250
-89.215   50500
-109.828   50750
-117.448   51000
-92.4017   51250
-70.7475   51500
-59.941   51750
-56.5662   52000
-59.8822   52250
-70.624   52500
-92.2488   52750
-117.172   53000
-110.581   53250
-89.9499   53500
-79.1611   53750
-75.798   54000
-79.1081   54250
-89.85   54500
-110.458   54750
-117.584   55000
-93.5658   55250
-71.8822   55500
-61.0757   55750
-57.7068   56000
-61.0169   56250
-71.7529   56500
-93.3306   56750
-117.06   57000
-111.216   57250
-90.6378   57500
-79.8196   57750
-76.4389   58000
-79.749   58250
-90.4732   58500
-110.699   58750
-116.66   59000
-94.7241   59250
-73.0405   59500
-62.234   59750
-58.8592   60000
-62.1752   60250
-72.9112   60500
-94.4948   60750
-116.807   61000
-111.651   61250
-91.3551   61500
-80.578   61750
-77.2149   62000
-80.531   62250
-91.2552   62500
-111.469   62750
-117.348   63000
-95.8529   63250
-74.187   63500
-63.3864   63750
-60.0116   64000
-63.3335   64250
-74.0635   64500
-95.5884   64750
-116.943   65000
-111.998   65250
-91.8784   65500
-81.0719   65750
-77.6971   66000
-81.019   66250
-91.7608   66500
-111.786   66750
-116.702   67000
-97.0465   67250
-75.3747   67500
-64.574   67750
-61.1992   68000
-64.5211   68250
-75.263   68500
-96.8407   68750
-117.049   69000
-112.027   69250
-92.2018   69500
-81.4364   69750
-78.0675   70000
-81.3894   70250
-92.143   70500
-112.233   70750
-116.272   71000
-98.0577   71250
-76.5506   71500
-65.7558   71750
-62.3869   72000
-65.7029   72250
-76.4447   72500
-97.9754   72750
-116.331   73000
-113.097   73250
-92.9602   73500
-82.1184   73750
-78.7436   74000
-82.0597   74250
-92.7897   74500
-112.48   74750
-116.596   75000
-99.4865   75250
-77.8382   75500
-67.0317   75750
-63.6627   76000
-66.9788   76250
-77.7147   76500
-99.2513   76750
-116.555   77000
-112.704   77250
-93.2601   77500
-82.4947   77750
-79.1317   78000
-82.4536   78250
-93.1778   78500
-112.615   78750
-117.066   79000
-100.78   79250
-79.1963   79500
-68.3898   79750
-65.0209   80000
-68.331   80250
-79.0729   80500
-100.686   80750
-116.625   81000
-112.756   81250
-93.6893   81500
-82.9122   81750
-79.5373   82000
-82.8475   82250
-93.5599   82500
-112.798   82750
-116.431   83000
-102.126   83250
-80.5721   83500
-69.7715   83750
-66.3967   84000
-69.7068   84250
-80.4369   84500
-101.926   84750
-116.396   85000
-112.892   85250
-94.1185   85500
-83.3296   85750
-79.9548   86000
-83.2591   86250
-93.9774   86500
-113.221   86750
-116.502   87000
-103.702   87250
-82.0949   87500
-71.2649   87750
-67.8842   88000
-71.1826   88250
-81.9127   88500
-103.332   88750
-116.366   89000
-113.462   89250
-94.5359   89500
-83.7294   89750
-80.3487   90000
-83.6471   90250
-94.3537   90500
-113.374   90750
-116.225   91000
-105.101   91250
-83.6589   91500
-72.8406   91750
-69.4481   92000
-72.7524   92250
-83.459   92500
-104.631   92750
-116.737   93000
-113.691   93250
-94.8005   93500
-83.9881   93750
-80.5957   94000
-83.9058   94250
-94.5947   94500
-113.209   94750
-115.984   95000
-106.395   95250
-85.2522   95500
-74.4692   95750
-71.1062   96000
-74.4457   96250
-85.1934   96500
-106.242   96750
-116.084   97000
-113.48   97250
-94.9299   97500
-84.2174   97750
-80.8955   98000
-84.2645   98250
-95.0239   98500
-113.562   98750
-116.566   99000
-108.076   99250
-87.0219   99500
-76.2507   99750
