%03/29/2017 10:25 PM

-58.6005   0
-61.9459   31.25
-72.7113   62.5
-94.2361   93.75
-112.439   125
-113.05   156.25
-113.292   187.5
-113.844   218.75
-114.203   250
-114.379   281.25
-114.626   312.5
-114.955   343.75
-115.038   375
-114.955   406.25
-114.667   437.5
-114.344   468.75
-114.532   500
-114.844   531.25
-115.314   562.5
-115.279   593.75
-115.132   625
-115.173   656.25
-115.414   687.5
-115.632   718.75
-115.614   750
-115.89   781.25
-116.208   812.5
-115.908   843.75
-115.602   875
-115.978   906.25
-116.055   937.5
-115.773   968.75
-116.073   1000
-115.655   1031.25
-115.555   1062.5
-115.467   1093.75
-115.602   1125
-115.908   1156.25
-115.931   1187.5
-115.779   1218.75
-115.737   1250
-115.714   1281.25
-115.314   1312.5
-115.49   1343.75
-116.008   1375
-116.096   1406.25
-115.802   1437.5
-115.978   1468.75
-115.943   1500
-115.984   1531.25
-115.92   1562.5
-116.202   1593.75
-115.855   1625
-115.955   1656.25
-116.19   1687.5
-116.331   1718.75
-116.202   1750
-115.784   1781.25
-115.573   1812.5
-115.743   1843.75
-116.143   1875
-94.8358   1906.25
-73.1816   1937.5
-62.4045   1968.75
-59.0591   2000
-62.3927   2031.25
-73.1581   2062.5
-94.7946   2093.75
-115.249   2125
-115.32   2156.25
-115.596   2187.5
-116.014   2218.75
-116.314   2250
-116.29   2281.25
-116.314   2312.5
-116.272   2343.75
-116.196   2375
-116.143   2406.25
-116.014   2437.5
-115.831   2468.75
-116.319   2500
-116.896   2531.25
-116.707   2562.5
-115.902   2593.75
-115.837   2625
-115.92   2656.25
-116.419   2687.5
-115.855   2718.75
-115.579   2750
-115.596   2781.25
-116.331   2812.5
-116.249   2843.75
-115.937   2875
-115.696   2906.25
-116.073   2937.5
-116.508   2968.75
-116.355   3000
-116.131   3031.25
-115.867   3062.5
-115.808   3093.75
-116.319   3125
-116.472   3156.25
-116.408   3187.5
-116.366   3218.75
-116.619   3250
-116.678   3281.25
-116.608   3312.5
-116.267   3343.75
-116.02   3375
-116.002   3406.25
-116.308   3437.5
-116.484   3468.75
-116.531   3500
-116.043   3531.25
-116.055   3562.5
-116.002   3593.75
-115.855   3625
-116.355   3656.25
-116.384   3687.5
-116.29   3718.75
-116.331   3750
-116.672   3781.25
-116.431   3812.5
-116.225   3843.75
-116.231   3875
-58.7827   3906.25
-37.1051   3937.5
-26.3162   3968.75
-22.9649   4000
-26.2927   4031.25
-37.0521   4062.5
-58.6828   4093.75
-116.314   4125
-116.255   4156.25
-115.849   4187.5
-115.849   4218.75
-115.978   4250
-116.884   4281.25
-116.937   4312.5
-116.602   4343.75
-116.172   4375
-116.261   4406.25
-116.29   4437.5
-116.043   4468.75
-115.89   4500
-115.99   4531.25
-116.143   4562.5
-116.031   4593.75
-115.914   4625
-116.302   4656.25
-116.59   4687.5
-116.349   4718.75
-116.261   4750
-115.961   4781.25
-116.078   4812.5
-116.302   4843.75
-116.378   4875
-116.214   4906.25
-115.737   4937.5
-116.043   4968.75
-116.214   5000
-116.114   5031.25
-116.478   5062.5
-116.525   5093.75
-116.225   5125
-116.073   5156.25
-116.272   5187.5
-116.325   5218.75
-116.102   5250
-116.267   5281.25
-116.314   5312.5
-116.219   5343.75
-116.384   5375
-116.76   5406.25
-116.743   5437.5
-116.749   5468.75
-116.431   5500
-116.284   5531.25
-116.284   5562.5
-116.519   5593.75
-116.525   5625
-116.178   5656.25
-116.284   5687.5
-116.219   5718.75
-115.873   5750
-115.461   5781.25
-115.326   5812.5
-115.673   5843.75
-116.378   5875
-92.3782   5906.25
-70.6652   5937.5
-59.8704   5968.75
-56.5074   6000
-59.8352   6031.25
-70.5829   6062.5
-92.2018   6093.75
-116.555   6125
-116.272   6156.25
-116.214   6187.5
-116.366   6218.75
-116.008   6250
-115.955   6281.25
-116.625   6312.5
-116.943   6343.75
-116.69   6375
-116.231   6406.25
-115.973   6437.5
-115.89   6468.75
-115.802   6500
-115.761   6531.25
-116.02   6562.5
-115.914   6593.75
-116.061   6625
-116.508   6656.25
-116.502   6687.5
-116.449   6718.75
-116.167   6750
-115.826   6781.25
-116.008   6812.5
-116.09   6843.75
-116.231   6875
-116.261   6906.25
-116.702   6937.5
-116.613   6968.75
-116.29   7000
-115.773   7031.25
-115.661   7062.5
-115.831   7093.75
-116.325   7125
-116.802   7156.25
-116.584   7187.5
-116.631   7218.75
-116.161   7250
-116.084   7281.25
-115.89   7312.5
-116.025   7343.75
-115.831   7375
-116.137   7406.25
-116.561   7437.5
-116.872   7468.75
-116.572   7500
-116.743   7531.25
-116.59   7562.5
-116.225   7593.75
-115.843   7625
-115.696   7656.25
-115.673   7687.5
-115.849   7718.75
-116.037   7750
-115.814   7781.25
-115.837   7812.5
-116.361   7843.75
-116.302   7875
-64.8269   7906.25
-43.1198   7937.5
-32.3191   7968.75
-28.9561   8000
-32.278   8031.25
-43.0198   8062.5
-64.627   8093.75
-115.943   8125
-116.202   8156.25
-116.108   8187.5
-116.425   8218.75
-116.231   8250
-115.826   8281.25
-115.555   8312.5
-115.602   8343.75
-116.172   8375
-116.267   8406.25
-116.149   8437.5
-116.096   8468.75
-115.732   8500
-115.679   8531.25
-116.131   8562.5
-116.566   8593.75
-116.76   8625
-116.66   8656.25
-116.555   8687.5
-116.02   8718.75
-116.073   8750
-116.108   8781.25
-116.037   8812.5
-116.155   8843.75
-116.366   8875
-116.596   8906.25
-116.608   8937.5
-116.396   8968.75
-116.272   9000
-116.637   9031.25
-116.778   9062.5
-116.525   9093.75
-116.719   9125
-116.396   9156.25
-115.99   9187.5
-116.255   9218.75
-116.69   9250
-116.608   9281.25
-116.76   9312.5
-116.425   9343.75
-116.455   9375
-116.349   9406.25
-116.378   9437.5
-116.161   9468.75
-116.043   9500
-116.349   9531.25
-116.231   9562.5
-116.349   9593.75
-116.143   9625
-116.525   9656.25
-116.684   9687.5
-116.725   9718.75
-116.596   9750
-116.655   9781.25
-116.719   9812.5
-116.537   9843.75
-116.137   9875
-92.9779   9906.25
-71.2943   9937.5
-60.4937   9968.75
-57.1188   10000
-60.4349   10031.3
-71.1708   10062.5
-92.7133   10093.8
-115.973   10125
-115.849   10156.3
-116.219   10187.5
-116.314   10218.8
-116.255   10250
-116.737   10281.3
-116.996   10312.5
-116.907   10343.8
-116.314   10375
-116.167   10406.3
-115.673   10437.5
-115.579   10468.8
-115.884   10500
-116.055   10531.3
-116.043   10562.5
-116.131   10593.8
-116.366   10625
-116.067   10656.3
-115.802   10687.5
-115.878   10718.8
-116.249   10750
-116.149   10781.3
-116.331   10812.5
-116.396   10843.8
-116.513   10875
-116.684   10906.3
-116.649   10937.5
-116.249   10968.8
-116.102   11000
-116.343   11031.3
-116.372   11062.5
-116.578   11093.8
-115.973   11125
-115.79   11156.3
-115.708   11187.5
-116.243   11218.8
-116.267   11250
-116.061   11281.3
-115.737   11312.5
-115.438   11343.8
-115.232   11375
-115.414   11406.3
-116.008   11437.5
-115.849   11468.8
-115.855   11500
-116.184   11531.3
-116.243   11562.5
-116.361   11593.8
-116.178   11625
-116.155   11656.3
-116.314   11687.5
-116.178   11718.8
-116.355   11750
-116.437   11781.3
-116.402   11812.5
-116.637   11843.8
-116.737   11875
-68.3781   11906.3
-46.6534   11937.5
-35.8351   11968.8
-32.4603   12000
-35.7704   12031.3
-46.5005   12062.5
-68.0782   12093.8
-115.708   12125
-115.714   12156.3
-115.761   12187.5
-115.743   12218.8
-115.973   12250
-115.831   12281.3
-115.761   12312.5
-116.073   12343.8
-115.755   12375
-115.314   12406.3
-115.273   12437.5
-115.826   12468.8
