%03/26/2017 4:08 PM

-91.7225   0
-95.0503   31.25
-105.81   62.5
-127.07   93.75
-140.846   125
-142.239   156.25
-142.927   187.5
-143.768   218.75
-144.632   250
-144.773   281.25
-145.044   312.5
-145.449   343.75
-145.449   375
-145.261   406.25
-145.296   437.5
-145.755   468.75
-146.525   500
-146.825   531.25
-146.843   562.5
-146.778   593.75
-147.06   625
-147.072   656.25
-147.26   687.5
-147.307   718.75
-147.448   750
-147.354   781.25
-147.319   812.5
-147.284   843.75
-146.931   875
-147.143   906.25
-147.201   937.5
-147.36   968.75
-147.19   1000
-147.096   1031.25
-147.231   1062.5
-147.836   1093.75
-147.654   1125
-147.39   1156.25
-147.778   1187.5
-148.248   1218.75
-148.177   1250
-148.271   1281.25
-148.354   1312.5
-148.03   1343.75
-147.531   1375
-147.589   1406.25
-147.742   1437.5
-148.295   1468.75
-148.36   1500
-148.448   1531.25
-148.313   1562.5
-148.248   1593.75
-147.936   1625
-147.442   1656.25
-147.66   1687.5
-148.236   1718.75
-148.283   1750
-148.724   1781.25
-148.23   1812.5
-148.048   1843.75
-148.166   1875
-148.177   1906.25
-148.166   1937.5
-148.254   1968.75
-148.448   2000
-148.336   2031.25
-148.189   2062.5
-148.23   2093.75
-148.983   2125
-148.754   2156.25
-148.236   2187.5
-148.295   2218.75
-148.636   2250
-148.513   2281.25
-148.236   2312.5
-148.43   2343.75
-148.624   2375
-148.618   2406.25
-148.877   2437.5
-148.848   2468.75
-148.889   2500
-148.53   2531.25
-148.448   2562.5
-148.377   2593.75
-148.295   2625
-148.518   2656.25
-148.718   2687.5
-149.183   2718.75
-149.224   2750
-148.748   2781.25
-148.295   2812.5
-148.589   2843.75
-148.536   2875
-148.248   2906.25
-148.407   2937.5
-148.689   2968.75
-148.342   3000
-148.277   3031.25
-148.465   3062.5
-148.665   3093.75
-148.313   3125
-148.195   3156.25
-148.101   3187.5
-148.483   3218.75
-148.812   3250
-148.554   3281.25
-148.219   3312.5
-148.154   3343.75
-148.171   3375
-148.036   3406.25
-148.342   3437.5
-148.313   3468.75
-149   3500
-148.501   3531.25
-148.318   3562.5
-148.295   3593.75
-148.254   3625
-149.089   3656.25
-149.071   3687.5
-148.277   3718.75
-148.254   3750
-148.906   3781.25
-149.053   3812.5
-148.912   3843.75
-148.618   3875
-148.195   3906.25
-148.295   3937.5
-148.295   3968.75
-148.036   4000
-148.142   4031.25
-148.513   4062.5
-148.83   4093.75
-149.265   4125
-148.942   4156.25
-148.389   4187.5
-148.912   4218.75
-149.083   4250
-148.906   4281.25
-148.219   4312.5
-148.171   4343.75
-148.189   4375
-148.465   4406.25
-148.895   4437.5
-148.877   4468.75
-148.448   4500
-148.665   4531.25
-148.895   4562.5
-148.848   4593.75
-149.118   4625
-149.477   4656.25
-149.242   4687.5
-148.836   4718.75
-148.219   4750
-148.283   4781.25
-148.248   4812.5
-148.589   4843.75
-149.13   4875
-148.701   4906.25
-148.707   4937.5
-149.283   4968.75
-149.142   5000
-149.024   5031.25
-149.242   5062.5
-149.224   5093.75
-148.424   5125
-148.46   5156.25
-148.46   5187.5
-148.53   5218.75
-148.789   5250
-148.654   5281.25
-148.607   5312.5
-148.924   5343.75
-149.071   5375
-149.23   5406.25
-149   5437.5
-148.789   5468.75
-148.001   5500
-148.442   5531.25
-148.354   5562.5
-148.26   5593.75
-148.624   5625
-148.46   5656.25
-148.354   5687.5
-148.618   5718.75
-148.836   5750
-148.607   5781.25
-148.371   5812.5
-148.601   5843.75
-148.889   5875
-148.736   5906.25
-148.23   5937.5
-148.295   5968.75
-148.324   6000
-148.371   6031.25
-148.801   6062.5
-148.389   6093.75
-148.442   6125
-148.783   6156.25
-148.236   6187.5
-147.848   6218.75
-147.719   6250
-148.413   6281.25
-148.342   6312.5
-148.754   6343.75
-149.283   6375
-148.965   6406.25
-148.906   6437.5
-148.865   6468.75
-149.03   6500
-149.159   6531.25
-148.701   6562.5
-148.736   6593.75
-148.683   6625
-148.583   6656.25
-149.318   6687.5
-149.212   6718.75
-148.583   6750
-148.513   6781.25
-148.43   6812.5
-148.889   6843.75
-149.389   6875
-148.83   6906.25
-148.124   6937.5
-148.283   6968.75
-148.765   7000
-148.554   7031.25
-149   7062.5
-149.13   7093.75
-149.042   7125
-148.377   7156.25
-148.36   7187.5
-148.442   7218.75
-148.589   7250
-148.495   7281.25
-148.371   7312.5
-148.377   7343.75
-148.46   7375
-148.442   7406.25
-148.46   7437.5
-148.607   7468.75
-148.171   7500
-148.342   7531.25
-149.071   7562.5
-148.895   7593.75
-148.701   7625
-148.748   7656.25
-148.671   7687.5
-148.53   7718.75
-148.389   7750
-148.642   7781.25
-148.389   7812.5
-148.23   7843.75
-148.377   7875
-148.565   7906.25
-149.03   7937.5
-149   7968.75
-148.465   8000
-148.413   8031.25
-148.248   8062.5
-148.442   8093.75
-148.765   8125
-148.313   8156.25
-148.26   8187.5
-148.83   8218.75
-148.983   8250
-148.783   8281.25
-148.483   8312.5
-149.171   8343.75
-149.13   8375
-148.995   8406.25
-148.589   8437.5
-148.36   8468.75
-148.301   8500
-148.283   8531.25
-148.324   8562.5
-148.313   8593.75
-148.654   8625
-148.912   8656.25
-148.683   8687.5
-148.448   8718.75
-148.189   8750
-148.812   8781.25
-148.906   8812.5
-148.477   8843.75
-148.189   8875
-148.148   8906.25
-148.248   8937.5
-148.865   8968.75
-148.889   9000
-148.924   9031.25
-148.995   9062.5
-149.13   9093.75
-148.836   9125
-148.789   9156.25
-148.518   9187.5
-148.848   9218.75
-149.03   9250
-149.153   9281.25
-149.306   9312.5
-149.412   9343.75
-149.183   9375
-149.294   9406.25
-149.318   9437.5
-149.142   9468.75
-148.965   9500
-148.342   9531.25
-149.171   9562.5
-149.112   9593.75
-148.601   9625
-148.707   9656.25
-149.13   9687.5
-149.053   9718.75
-148.213   9750
-148.154   9781.25
-148.213   9812.5
-148.924   9843.75
-149.042   9875
-148.83   9906.25
-148.195   9937.5
-148.036   9968.75
-148.336   10000
-148.665   10031.3
-148.318   10062.5
-148.53   10093.8
-148.46   10125
-148.072   10156.3
-148.107   10187.5
-148.248   10218.8
-148.213   10250
-148.23   10281.3
-148.589   10312.5
-148.924   10343.8
-148.801   10375
-148.171   10406.3
-148.295   10437.5
-148.671   10468.8
-148.642   10500
-148.465   10531.3
-147.807   10562.5
-147.531   10593.8
-148.313   10625
-148.601   10656.3
-147.825   10687.5
-147.578   10718.8
-148.236   10750
-148.424   10781.3
-148.495   10812.5
-148.389   10843.8
-148.283   10875
-148.413   10906.3
-148.413   10937.5
-148.295   10968.8
-148.142   11000
-148.495   11031.3
-148.46   11062.5
-148.689   11093.8
-148.571   11125
-148.377   11156.3
-148.801   11187.5
-149.083   11218.8
-148.665   11250
-148.166   11281.3
-147.936   11312.5
-148.083   11343.8
-148.095   11375
-148.301   11406.3
-148.707   11437.5
-148.83   11468.8
-148.46   11500
-148.536   11531.3
-148.671   11562.5
-148.501   11593.8
-148.748   11625
-148.789   11656.3
-148.465   11687.5
-148.277   11718.8
-148.407   11750
-148.324   11781.3
-148.818   11812.5
-148.583   11843.8
-148.701   11875
-148.783   11906.3
-148.477   11937.5
-148.548   11968.8
-148.671   12000
-148.448   12031.3
-148.783   12062.5
-149.059   12093.8
-149.265   12125
-149.03   12156.3
-148.336   12187.5
-148.336   12218.8
-148.377   12250
-148.336   12281.3
-148.607   12312.5
-148.277   12343.8
-148.142   12375
-148.077   12406.3
-147.989   12437.5
-148.171   12468.8
