%03/26/2017 4:06 PM

-97.5549   0
-100.894   31.25
-111.654   62.5
-132.285   93.75
-140.493   125
-141.739   156.25
-142.868   187.5
-143.145   218.75
-143.297   250
-144.203   281.25
-144.544   312.5
-144.45   343.75
-144.714   375
-145.338   406.25
-145.684   437.5
-145.596   468.75
-145.984   500
-146.302   531.25
-146.402   562.5
-146.631   593.75
-146.884   625
-147.513   656.25
-147.072   687.5
-146.872   718.75
-146.984   750
-147.331   781.25
-147.554   812.5
-147.589   843.75
-147.525   875
-147.419   906.25
-147.401   937.5
-147.625   968.75
-147.507   1000
-147.866   1031.25
-148.207   1062.5
-148.189   1093.75
-148.013   1125
-148.007   1156.25
-148.107   1187.5
-148.254   1218.75
-148.465   1250
-148.301   1281.25
-147.825   1312.5
-148.283   1343.75
-149.042   1375
-149.171   1406.25
-148.783   1437.5
-147.666   1468.75
-147.772   1500
-148.295   1531.25
-148.607   1562.5
-148.413   1593.75
-148.995   1625
-148.818   1656.25
-149.071   1687.5
-148.683   1718.75
-148.565   1750
-149.171   1781.25
-148.665   1812.5
-149.059   1843.75
-148.801   1875
-148.683   1906.25
-148.642   1937.5
-148.836   1968.75
-149.118   2000
-149.1   2031.25
-149.189   2062.5
-149.488   2093.75
-149.053   2125
-149.1   2156.25
-149.053   2187.5
-148.971   2218.75
-149.189   2250
-149.389   2281.25
-149.453   2312.5
-149.242   2343.75
-149.13   2375
-149.071   2406.25
-149.23   2437.5
-149.171   2468.75
-149.277   2500
-148.812   2531.25
-148.707   2562.5
-148.636   2593.75
-148.865   2625
-149.053   2656.25
-149.142   2687.5
-149.412   2718.75
-149.324   2750
-149.265   2781.25
-149.183   2812.5
-149.089   2843.75
-149.13   2875
-148.565   2906.25
-148.26   2937.5
-148.689   2968.75
-149.03   3000
-149.083   3031.25
-149.306   3062.5
-149.488   3093.75
-149.588   3125
-149.212   3156.25
-149.171   3187.5
-149.2   3218.75
-149.089   3250
-149.059   3281.25
-148.965   3312.5
-149.23   3343.75
-149.224   3375
-148.953   3406.25
-148.354   3437.5
-148.536   3468.75
-149.024   3500
-149.224   3531.25
-149.424   3562.5
-149.283   3593.75
-149.635   3625
-149.324   3656.25
-148.448   3687.5
-148.413   3718.75
-148.607   3750
-149.183   3781.25
-149.4   3812.5
-149.336   3843.75
-149.336   3875
-149.242   3906.25
-149.377   3937.5
-149.283   3968.75
-149.1   4000
-149.424   4031.25
-149.377   4062.5
-149.518   4093.75
-149.588   4125
-149.4   4156.25
-149.242   4187.5
-149.412   4218.75
-149.541   4250
-149.553   4281.25
-149.512   4312.5
-149.512   4343.75
-149.512   4375
-149.224   4406.25
-149.03   4437.5
-149.265   4468.75
-149.612   4500
-149.306   4531.25
-149.212   4562.5
-149.2   4593.75
-149.277   4625
-149.224   4656.25
-149.324   4687.5
-149.424   4718.75
-149.477   4750
-149.253   4781.25
-149.053   4812.5
-149.2   4843.75
-149.294   4875
-149.371   4906.25
-149.424   4937.5
-149.253   4968.75
-148.912   5000
-148.995   5031.25
-149.171   5062.5
-149.059   5093.75
-149.1   5125
-149.083   5156.25
-149.318   5187.5
-149.1   5218.75
-148.995   5250
-149.089   5281.25
-149.23   5312.5
-149.853   5343.75
-149.118   5375
-149.13   5406.25
-149.371   5437.5
-149.1   5468.75
-149   5500
-148.942   5531.25
-149.142   5562.5
-148.812   5593.75
-149.577   5625
-149.518   5656.25
-149.059   5687.5
-149.818   5718.75
-149.477   5750
-149.518   5781.25
-149.283   5812.5
-149.23   5843.75
-149.212   5875
-149.477   5906.25
-149.541   5937.5
-149.794   5968.75
-149.347   6000
-149.183   6031.25
-149.212   6062.5
-149.436   6093.75
-149.265   6125
-149.336   6156.25
-149.477   6187.5
-149.441   6218.75
-148.689   6250
-148.836   6281.25
-148.983   6312.5
-149.159   6343.75
-149.277   6375
-149.189   6406.25
-149.477   6437.5
-149.23   6468.75
-149.071   6500
-149.453   6531.25
-149.377   6562.5
-149.253   6593.75
-149.359   6625
-149.5   6656.25
-149.13   6687.5
-148.818   6718.75
-149.142   6750
-149.806   6781.25
-150   6812.5
-150.012   6843.75
-149.477   6875
-149.553   6906.25
-149.624   6937.5
-149.283   6968.75
-148.754   7000
-149.053   7031.25
-148.683   7062.5
-149.042   7093.75
-149.653   7125
-149.518   7156.25
-149.9   7187.5
-149.965   7218.75
-150.165   7250
-150.282   7281.25
-149.665   7312.5
-149.183   7343.75
-149.2   7375
-149.465   7406.25
-149.189   7437.5
-148.912   7468.75
-148.924   7500
-148.765   7531.25
-148.43   7562.5
-149.347   7593.75
-149.224   7625
-149.512   7656.25
-149.159   7687.5
-148.983   7718.75
-149.242   7750
-149.224   7781.25
-148.942   7812.5
-149.042   7843.75
-149.389   7875
-149.2   7906.25
-149.153   7937.5
-149.183   7968.75
-149.059   8000
-148.936   8031.25
-149.171   8062.5
-149.83   8093.75
-149.436   8125
-149.171   8156.25
-148.895   8187.5
-149.23   8218.75
-149.465   8250
-149.371   8281.25
-149.13   8312.5
-148.906   8343.75
-148.942   8375
-149.253   8406.25
-149.688   8437.5
-149.306   8468.75
-149.23   8500
-149.389   8531.25
-149.306   8562.5
-149.053   8593.75
-149.724   8625
-149.465   8656.25
-149.5   8687.5
-149.853   8718.75
-150.1   8750
-149.988   8781.25
-149.818   8812.5
-149.436   8843.75
-149.324   8875
-149.6   8906.25
-150.012   8937.5
-149.553   8968.75
-149.283   9000
-149.465   9031.25
-149.477   9062.5
-149.189   9093.75
-149.189   9125
-149.153   9156.25
-148.912   9187.5
-149.253   9218.75
-149.153   9250
-149.042   9281.25
-149.159   9312.5
-149.641   9343.75
-149.477   9375
-149.553   9406.25
-149.565   9437.5
-149.371   9468.75
-149.324   9500
-149.294   9531.25
-149.359   9562.5
-149.612   9593.75
-149.465   9625
-149.03   9656.25
-149.242   9687.5
-149.347   9718.75
-149.347   9750
-149.253   9781.25
-149.877   9812.5
-150.1   9843.75
-149.6   9875
-149.053   9906.25
-148.754   9937.5
-148.936   9968.75
-149.283   10000
-149.283   10031.3
-149.283   10062.5
-149.242   10093.8
-149.294   10125
-149.171   10156.3
-148.859   10187.5
-148.965   10218.8
-149.118   10250
-149.782   10281.3
-149.565   10312.5
-149.477   10343.8
-148.912   10375
-148.724   10406.3
-149.183   10437.5
-149.159   10468.8
-149.024   10500
-148.624   10531.3
-148.618   10562.5
-149.083   10593.8
-148.801   10625
-148.642   10656.3
-149.083   10687.5
-148.924   10718.8
-148.971   10750
-149.183   10781.3
-149.541   10812.5
-149.377   10843.8
-149.653   10875
-149.759   10906.3
-149.371   10937.5
-148.877   10968.8
-148.995   11000
-149.265   11031.3
-149.183   11062.5
-149.042   11093.8
-149.324   11125
-149.294   11156.3
-149.265   11187.5
-149.242   11218.8
-149.159   11250
-149.071   11281.3
-148.936   11312.5
-149.224   11343.8
-149.189   11375
-149.265   11406.3
-149.371   11437.5
-149.371   11468.8
-149.153   11500
-149.142   11531.3
-149.242   11562.5
-149.488   11593.8
-149.771   11625
-149.253   11656.3
-149.277   11687.5
-149.183   11718.8
-149.2   11750
-149.294   11781.3
-149.23   11812.5
-149.265   11843.8
-149.083   11875
-148.389   11906.3
-148.318   11937.5
-149.042   11968.8
-149.171   12000
-148.906   12031.3
-149.389   12062.5
-149.653   12093.8
-149.424   12125
-149.4   12156.3
-149.488   12187.5
-149.23   12218.8
-149.412   12250
-149.477   12281.3
-148.812   12312.5
-148.442   12343.8
-148.23   12375
-148.965   12406.3
-149.23   12437.5
-149.212   12468.8
