%03/26/2017 4:05 PM

-107.685   0
-111.031   250
-121.808   500
-142.404   750
-149.1   1000
-149.806   1250
-150.664   1500
-151.152   1750
-150.758   2000
-150.506   2250
-150.329   2500
-150.653   2750
-150.764   3000
-150.676   3250
-150.423   3500
-150.67   3750
-151.676   4000
-152.164   4250
-151.964   4500
-151.97   4750
-151.564   5000
-150.97   5250
-151.299   5500
-151.194   5750
-150.864   6000
-150.582   6250
-150.594   6500
-150.994   6750
-151.335   7000
-151.446   7250
-151.523   7500
-151.705   7750
-151.911   8000
-152.034   8250
-151.576   8500
-151.176   8750
-151.329   9000
-151.623   9250
-151.258   9500
-151   9750
-150.858   10000
-150.506   10250
-150.606   10500
-150.823   10750
-151.299   11000
-151.329   11250
-151.493   11500
-151.546   11750
-151.858   12000
-151.676   12250
-151.57   12500
-151.452   12750
-151.693   13000
-151.711   13250
-151.87   13500
-151.682   13750
-151.552   14000
-151.388   14250
-151.576   14500
-151.446   14750
-150.77   15000
-150.653   15250
-150.606   15500
-150.623   15750
-150.8   16000
-150.764   16250
-150.57   16500
-150.629   16750
-151.023   17000
-151.217   17250
-151.158   17500
-150.853   17750
-150.976   18000
-151.082   18250
-151.058   18500
-150.87   18750
-150.664   19000
-150.952   19250
-151.264   19500
-151.258   19750
-151.099   20000
-151.199   20250
-151.058   20500
-151.164   20750
-151.352   21000
-151.964   21250
-151.646   21500
-151.176   21750
-151.293   22000
-151.293   22250
-150.952   22500
-150.876   22750
-150.841   23000
-151.088   23250
-151.505   23500
-151.364   23750
-151.558   24000
-151.217   24250
-150.9   24500
-150.964   24750
-151.352   25000
-151.335   25250
-151.358   25500
-151.658   25750
-151.811   26000
-151.293   26250
-150.97   26500
-150.982   26750
-150.982   27000
-150.635   27250
-150.647   27500
-150.964   27750
-150.947   28000
-150.876   28250
-150.958   28500
-151.17   28750
-151.493   29000
-151.382   29250
-150.976   29500
-151.117   29750
-151.335   30000
-151.535   30250
-151.729   30500
-151.646   30750
-151.141   31000
-151.17   31250
-151.288   31500
-151.552   31750
-151.558   32000
-151.335   32250
-150.982   32500
-150.617   32750
-150.976   33000
-151.499   33250
-151.587   33500
-151.523   33750
-151.54   34000
-151.37   34250
-150.988   34500
-151.246   34750
-151.493   35000
-151.188   35250
-150.717   35500
-150.376   35750
-150.917   36000
-151.511   36250
-151.664   36500
-151.176   36750
-150.923   37000
-150.876   37250
-151.505   37500
-151.564   37750
-151.176   38000
-150.776   38250
-150.958   38500
-151.299   38750
-151.47   39000
-151.282   39250
-151.188   39500
-150.817   39750
-150.547   40000
-150.688   40250
-151.052   40500
-151.458   40750
-151.182   41000
-151.17   41250
-151.476   41500
-151.87   41750
-151.887   42000
-151.964   42250
-151.599   42500
-151.229   42750
-151.041   43000
-150.706   43250
-151.205   43500
-151.587   43750
-151.341   44000
-151.781   44250
-151.893   44500
-151.587   44750
-151.276   45000
-151.129   45250
-151.529   45500
-151.781   45750
-151.376   46000
-150.982   46250
-150.806   46500
-151.023   46750
-151.593   47000
-151.47   47250
-150.688   47500
-150.559   47750
-150.853   48000
-150.941   48250
-150.917   48500
-151   48750
-151.005   49000
-150.664   49250
-150.5   49500
-150.706   49750
-151.041   50000
-151.152   50250
-151.223   50500
-150.994   50750
-150.653   51000
-150.817   51250
-150.988   51500
-150.77   51750
-150.829   52000
-150.905   52250
-151.094   52500
-150.6   52750
-150.312   53000
-150.482   53250
-151.052   53500
-150.958   53750
-150.647   54000
-150.606   54250
-150.735   54500
-150.782   54750
-150.723   55000
-150.653   55250
-150.629   55500
-151.111   55750
-150.923   56000
-150.847   56250
-150.741   56500
-150.523   56750
-150.259   57000
-150.153   57250
-150.247   57500
-150.441   57750
-150.576   58000
-150.453   58250
-150.153   58500
-150.341   58750
-150.617   59000
-150.788   59250
-150.858   59500
-150.858   59750
-150.694   60000
-150.582   60250
-150.582   60500
-150.506   60750
-150.171   61000
-150.365   61250
-150.964   61500
-151.017   61750
-150.576   62000
-150.323   62250
-150.682   62500
-150.794   62750
-150.694   63000
-150.212   63250
-149.918   63500
-150.241   63750
-150.394   64000
-150.635   64250
-150.547   64500
-150.382   64750
-150.57   65000
-150.694   65250
-150.57   65500
-150.512   65750
-150.306   66000
-150.141   66250
-150.182   66500
-150.206   66750
-150.4   67000
-150.594   67250
-150.606   67500
-150.659   67750
-150.329   68000
-150.206   68250
-150.123   68500
-150.7   68750
-150.994   69000
-150.641   69250
-150.535   69500
-150.97   69750
-150.788   70000
-150.6   70250
-150.923   70500
-150.794   70750
-150.876   71000
-150.77   71250
-150.694   71500
-150.306   71750
-150.059   72000
-150.67   72250
-150.788   72500
-151.017   72750
-150.611   73000
-149.935   73250
-149.706   73500
-149.859   73750
-150.723   74000
-151.164   74250
-151.246   74500
-151.052   74750
-150.835   75000
-150.9   75250
-150.717   75500
-150.647   75750
-150.529   76000
-150.723   76250
-150.488   76500
-150.647   76750
-150.723   77000
-150.365   77250
-150.429   77500
-150.688   77750
-150.811   78000
-150.57   78250
-150.312   78500
-150.312   78750
-150.276   79000
-150.758   79250
-151.211   79500
-151.064   79750
-150.676   80000
-150.594   80250
-150.464   80500
-150.6   80750
-150.647   81000
-150.588   81250
-150.464   81500
-150.376   81750
-150.394   82000
-150.318   82250
-150.129   82500
-149.959   82750
-149.941   83000
-150.676   83250
-151.199   83500
-150.917   83750
-150.5   84000
-150.265   84250
-150.159   84500
-150.629   84750
-150.506   85000
-150.082   85250
-150.341   85500
-151.023   85750
-150.964   86000
-150.77   86250
-150.647   86500
-150.611   86750
-150.588   87000
-150.594   87250
-150.611   87500
-150.823   87750
-150.811   88000
-150.494   88250
-150.576   88500
-150.676   88750
-150.841   89000
-150.676   89250
-150.206   89500
-150.012   89750
-150.306   90000
-150.711   90250
-150.782   90500
-150.429   90750
-149.83   91000
-149.859   91250
-149.859   91500
-149.935   91750
-149.947   92000
-150.041   92250
-149.994   92500
-149.906   92750
-150.076   93000
-149.759   93250
-149.735   93500
-149.659   93750
-149.671   94000
-150.035   94250
-149.965   94500
-149.8   94750
-150.423   95000
-150.606   95250
-150.006   95500
-149.653   95750
-149.841   96000
-149.73   96250
-149.541   96500
-149.524   96750
-150.047   97000
-150.188   97250
-150.247   97500
-150.235   97750
-149.947   98000
-149.618   98250
-149.694   98500
-149.9   98750
-149.953   99000
-149.865   99250
-149.453   99500
-149.165   99750
