%03/12/2016 11:27 AM

-49.9912   0
-53.2661   250
-63.1672   500
-70.3578   750
-71.9453   1000
-74.4793   1250
-76.2079   1500
-77.1016   1750
-77.6895   2000
-78.0012   2250
-77.6954   2500
-76.9722   2750
-76.7194   3000
-76.4842   3250
-75.5435   3500
-74.8556   3750
-74.9791   4000
-75.1202   4250
-75.0614   4500
-75.5612   4750
-76.7782   5000
-77.9659   5250
-78.8184   5500
-79.5651   5750
-80.4705   6000
-81.082   6250
-81.6758   6500
-82.646   6750
-83.4044   7000
-83.422   7250
-83.2339   7500
-83.7983   7750
-84.9272   8000
-85.5622   8250
-85.9208   8500
-85.815   8750
-85.5916   9000
-85.8973   9250
-86.0443   9500
-86.0325   9750
-86.109   10000
-86.2736   10250
-86.4559   10500
-86.644   10750
-86.9145   11000
-86.9791   11250
-86.7969   11500
-87.0203   11750
-87.7729   12000
-88.5725   12250
-88.9429   12500
-88.8782   12750
-89.3309   13000
-90.0365   13250
-90.3128   13500
-90.6715   13750
-91.2535   14000
-91.9532   14250
-92.7587   14500
-93.623   14750
-93.182   15000
-91.818   15250
-92.0179   15500
-92.7822   15750
-93.3995   16000
-93.8523   16250
-94.0992   16500
-94.5754   16750
-95.1281   17000
-95.5926   17250
-95.6514   17500
-95.4809   17750
-95.4397   18000
-95.3868   18250
-95.7513   18500
-95.9571   18750
-95.7337   19000
-95.7866   19250
-96.2335   19500
-96.451   19750
-95.9806   20000
-96.01   20250
-96.6568   20500
-96.892   20750
-96.4922   21000
-96.5333   21250
-96.8449   21500
-96.8626   21750
-96.9566   22000
-97.1742   22250
-97.1859   22500
-97.1507   22750
-97.2741   23000
-97.4329   23250
-97.5681   23500
-97.4152   23750
-97.4564   24000
-97.5152   24250
-97.5857   24500
-97.9385   24750
-98.1678   25000
-97.9503   25250
-97.6857   25500
-97.6974   25750
-97.8797   26000
-98.3618   26250
-98.2972   26500
-98.0326   26750
-97.9444   27000
-98.2031   27250
-98.5206   27500
-98.5559   27750
-98.4383   28000
-98.1619   28250
-98.1384   28500
-98.3442   28750
-98.3324   29000
-98.1913   29250
-98.2031   29500
-98.7499   29750
-99.1497   30000
-98.8616   30250
-98.5088   30500
-98.4383   30750
-98.4206   31000
-98.6499   31250
-99.0203   31500
-99.1967   31750
-99.1791   32000
-99.2908   32250
-99.3202   32500
-99.1497   32750
-99.2379   33000
-99.4143   33250
-99.3378   33500
-99.0909   33750
-98.8675   34000
-99.085   34250
-99.2261   34500
-99.0497   34750
-99.0791   35000
-99.2202   35250
-99.6318   35500
-99.9728   35750
-99.9787   36000
-99.9317   36250
-99.426   36500
-99.3849   36750
-99.6024   37000
-99.3378   37250
-99.0321   37500
-98.9321   37750
-99.2908   38000
-99.5965   38250
-99.0086   38500
-97.9268   38750
-98.303   39000
-99.7847   39250
-100.196   39500
-100.226   39750
-100.226   40000
-99.9375   40250
-99.8964   40500
-99.7141   40750
-99.9611   41000
-100.132   41250
-100.308   41500
-100.39   41750
-100.196   42000
-100.255   42250
-100.296   42500
-100.467   42750
-100.608   43000
-100.52   43250
-100.496   43500
-100.743   43750
-100.819   44000
-100.831   44250
-100.52   44500
-100.337   44750
-100.343   45000
-100.22   45250
-100.314   45500
-100.537   45750
-100.326   46000
-100.426   46250
-100.355   46500
-100.232   46750
-100.167   47000
-100.302   47250
-100.573   47500
-100.984   47750
-101.378   48000
-101.554   48250
-101.349   48500
-101.402   48750
-101.313   49000
-101.008   49250
-101.119   49500
-101.225   49750
-101.26   50000
-101.243   50250
-101.419   50500
-101.278   50750
-101.09   51000
-101.113   51250
-101.625   51500
-101.778   51750
-101.266   52000
-100.914   52250
-101.155   52500
-100.984   52750
-100.825   53000
-101.219   53250
-101.431   53500
-101.231   53750
-100.978   54000
-100.661   54250
-100.39   54500
-100.455   54750
-100.725   55000
-100.966   55250
-100.714   55500
-100.89   55750
-101.002   56000
-101.019   56250
-101.196   56500
-101.29   56750
-101.449   57000
-101.778   57250
-101.725   57500
-101.09   57750
-101.137   58000
-101.084   58250
-100.531   58500
-100.52   58750
-100.743   59000
-100.89   59250
-100.855   59500
-100.814   59750
-100.796   60000
-100.743   60250
-100.573   60500
-100.625   60750
-100.843   61000
-100.755   61250
-100.584   61500
-100.755   61750
-100.872   62000
-100.431   62250
-100.414   62500
-100.531   62750
-100.314   63000
-100.026   63250
-100.079   63500
-100.367   63750
-100.384   64000
-100.437   64250
-100.731   64500
-100.614   64750
-100.649   65000
-100.825   65250
-101.172   65500
-101.008   65750
-100.578   66000
-100.72   66250
-100.431   66500
-99.8258   66750
-99.7788   67000
-100.026   67250
-99.8905   67500
-99.5848   67750
-99.185   68000
-99.3555   68250
-99.6671   68500
-99.5671   68750
-99.2026   69000
-98.8675   69250
-98.7205   69500
-98.6734   69750
-98.6147   70000
-98.744   70250
-98.744   70500
-98.3324   70750
-98.2972   71000
-98.6676   71250
-98.744   71500
-98.7205   71750
-97.8738   72000
-97.1801   72250
-97.4211   72500
-97.7798   72750
-97.7739   73000
-97.4564   73250
-97.4917   73500
-97.5857   73750
-97.5622   74000
-97.7268   74250
-98.1325   74500
-98.1149   74750
-97.8444   75000
-97.9268   75250
-98.1502   75500
-98.2501   75750
-98.3442   76000
-98.6264   76250
-98.8616   76500
-99.1026   76750
-99.4613   77000
-99.8611   77250
-100.143   77500
-100.461   77750
-100.637   78000
-100.431   78250
-100.396   78500
-100.531   78750
-100.743   79000
-100.79   79250
-100.831   79500
-100.843   79750
-100.89   80000
-101.319   80250
-101.937   80500
-101.707   80750
-101.084   81000
-101.607   81250
-101.901   81500
-101.942   81750
-102.26   82000
-102.295   82250
-102.078   82500
-102.254   82750
-102.672   83000
-102.695   83250
-102.536   83500
-102.301   83750
-101.984   84000
-101.931   84250
-101.907   84500
-101.895   84750
-102.572   85000
-103.089   85250
-102.871   85500
-102.877   85750
-103.254   86000
-103.318   86250
-103.159   86500
-103.277   86750
-103.406   87000
-103.077   87250
-103.007   87500
-102.96   87750
-102.818   88000
-102.777   88250
-102.913   88500
-103.112   88750
-102.924   89000
-102.836   89250
-102.971   89500
-103.183   89750
-103.383   90000
-103.495   90250
-103.389   90500
-103.324   90750
-103.565   91000
-103.836   91250
-103.759   91500
-103.548   91750
-103.318   92000
-103.471   92250
-103.877   92500
-103.624   92750
-103.671   93000
-103.924   93250
-103.806   93500
-103.989   93750
-104.535   94000
-104.141   94250
-103.736   94500
-104.018   94750
-103.953   95000
-104.194   95250
-104.277   95500
-103.912   95750
-104.177   96000
-104.371   96250
-104.241   96500
-104.059   96750
-103.824   97000
-103.706   97250
-103.659   97500
-103.736   97750
-103.736   98000
-103.847   98250
-104.036   98500
-103.936   98750
-103.842   99000
-104.171   99250
-104.482   99500
-104.729   99750
