%03/12/2016 11:37 AM

-46.1049   0
-49.4151   31.25
-59.6689   62.5
-66.7008   93.75
-65.4778   125
-68.4235   156.25
-72.8566   187.5
-73.1329   218.75
-73.3857   250
-77.7425   281.25
-81.0232   312.5
-80.8351   343.75
-81.2701   375
-82.1344   406.25
-81.3583   437.5
-80.4235   468.75
-80.353   500
-79.765   531.25
-78.9889   562.5
-78.7361   593.75
-78.2069   625
-77.2368   656.25
-76.9605   687.5
-77.2897   718.75
-77.131   750
-76.8429   781.25
-77.4367   812.5
-78.2598   843.75
-78.5244   875
-78.6479   906.25
-79.8238   937.5
-80.6822   968.75
-80.7822   1000
-81.2995   1031.25
-82.0227   1062.5
-82.74   1093.75
-83.1633   1125
-83.2104   1156.25
-83.6043   1187.5
-83.8924   1218.75
-84.1746   1250
-84.5156   1281.25
-84.7567   1312.5
-84.5156   1343.75
-84.6685   1375
-85.3211   1406.25
-85.3917   1437.5
-85.4387   1468.75
-85.4799   1500
-85.4975   1531.25
-85.2858   1562.5
-85.5034   1593.75
-86.1854   1625
-86.6264   1656.25
-86.1384   1687.5
-85.7856   1718.75
-86.2736   1750
-86.9615   1781.25
-86.791   1812.5
-86.5323   1843.75
-86.5323   1875
-86.7616   1906.25
-87.0556   1937.5
-86.8909   1968.75
-86.6558   2000
-87.0262   2031.25
-87.7493   2062.5
-87.6082   2093.75
-87.5259   2125
-87.4965   2156.25
-87.5671   2187.5
-87.2437   2218.75
-86.7969   2250
-86.7498   2281.25
-86.7557   2312.5
-87.0203   2343.75
-86.8498   2375
-86.6087   2406.25
-86.5323   2437.5
-86.6969   2468.75
-86.838   2500
-86.6852   2531.25
-86.5499   2562.5
-86.4676   2593.75
-86.2324   2625
-86.1795   2656.25
-86.2324   2687.5
-86.303   2718.75
-86.2501   2750
-86.2736   2781.25
-86.9615   2812.5
-87.1144   2843.75
-86.6146   2875
-86.1795   2906.25
-86.1266   2937.5
-86.0913   2968.75
-86.0561   3000
-85.9973   3031.25
-85.6269   3062.5
-85.374   3093.75
-85.621   3125
-85.9973   3156.25
-86.0972   3187.5
-85.9796   3218.75
-85.8503   3250
-85.621   3281.25
-85.668   3312.5
-85.5034   3343.75
-85.1506   3375
-84.839   3406.25
-84.3451   3437.5
-84.2217   3468.75
-84.5568   3500
-84.8566   3531.25
-85.1389   3562.5
-85.0624   3593.75
-84.6097   3625
-84.6744   3656.25
-84.8919   3687.5
-84.6332   3718.75
-84.2569   3750
-84.4098   3781.25
-84.4274   3812.5
-84.2158   3843.75
-84.1217   3875
-83.8571   3906.25
-83.8101   3937.5
-83.6219   3968.75
-83.3515   4000
-83.7219   4031.25
-84.157   4062.5
-83.9806   4093.75
-84.2922   4125
-84.498   4156.25
-84.2628   4187.5
-84.2511   4218.75
-84.0629   4250
-83.8336   4281.25
-84.0159   4312.5
-84.0511   4343.75
-83.9336   4375
-84.157   4406.25
-84.7332   4437.5
-84.9331   4468.75
-84.4098   4500
-84.2981   4531.25
-84.692   4562.5
-84.9154   4593.75
-84.7743   4625
-84.6332   4656.25
-85.0977   4687.5
-85.2682   4718.75
-85.0565   4750
-85.374   4781.25
-86.0031   4812.5
-86.0384   4843.75
-85.6856   4875
-85.8738   4906.25
-86.1442   4937.5
-86.1148   4968.75
-86.3853   5000
-86.5676   5031.25
-86.7381   5062.5
-86.9439   5093.75
-86.8968   5125
-86.3912   5156.25
-86.3735   5187.5
-86.9791   5218.75
-87.3966   5250
-87.2731   5281.25
-87.1555   5312.5
-87.5259   5343.75
-87.7023   5375
-87.6435   5406.25
-87.6435   5437.5
-87.7552   5468.75
-88.1021   5500
-88.3549   5531.25
-88.2903   5562.5
-88.6959   5593.75
-89.231   5625
-89.0781   5656.25
-88.9899   5687.5
-88.9311   5718.75
-89.0605   5750
-89.3956   5781.25
-89.5014   5812.5
-89.5661   5843.75
-89.2663   5875
-89.4191   5906.25
-90.1129   5937.5
-90.1188   5968.75
-89.6778   6000
-89.4897   6031.25
-89.3839   6062.5
-89.8601   6093.75
-90.2423   6125
-90.2952   6156.25
-90.0424   6187.5
-89.7425   6218.75
-89.7484   6250
-90.0188   6281.25
-90.4657   6312.5
-90.6891   6343.75
-90.6773   6375
-90.695   6406.25
-90.6479   6437.5
-90.8126   6468.75
-91.2535   6500
-91.4769   6531.25
-91.3594   6562.5
-91.3006   6593.75
-91.4828   6625
-91.818   6656.25
-91.5887   6687.5
-91.5475   6718.75
-91.8238   6750
-91.9062   6781.25
-92.0414   6812.5
-92.1648   6843.75
-92.4294   6875
-92.547   6906.25
-92.2001   6937.5
-92.2295   6968.75
-92.3589   7000
-92.4059   7031.25
-92.3941   7062.5
-92.3765   7093.75
-92.4059   7125
-92.2119   7156.25
-92.1648   7187.5
-92.794   7218.75
-92.888   7250
-92.694   7281.25
-92.8292   7312.5
-92.8763   7343.75
-92.694   7375
-92.794   7406.25
-93.4348   7437.5
-93.2408   7468.75
-93.1879   7500
-93.4877   7531.25
-93.3584   7562.5
-93.1056   7593.75
-93.0644   7625
-93.1408   7656.25
-93.2761   7687.5
-93.6876   7718.75
-93.7935   7750
-93.5289   7781.25
-93.67   7812.5
-93.5877   7843.75
-93.6112   7875
-93.6876   7906.25
-93.5348   7937.5
-93.5994   7968.75
-94.058   8000
-94.1168   8031.25
-94.111   8062.5
-94.4343   8093.75
-94.7871   8125
-94.4343   8156.25
-94.2697   8187.5
-94.3638   8218.75
-94.0933   8250
-93.7229   8281.25
-93.964   8312.5
-93.9581   8343.75
-93.7582   8375
-93.9111   8406.25
-94.111   8437.5
-94.0757   8468.75
-94.3344   8500
-94.5049   8531.25
-94.5578   8562.5
-94.5872   8593.75
-94.4226   8625
-94.4049   8656.25
-94.5225   8687.5
-94.3579   8718.75
-94.2109   8750
-94.3697   8781.25
-94.4872   8812.5
-94.4931   8843.75
-94.546   8875
-94.3579   8906.25
-94.3285   8937.5
-94.8106   8968.75
-94.8224   9000
-94.4696   9031.25
-94.5578   9062.5
-94.5166   9093.75
-94.4226   9125
-94.2168   9156.25
-94.1756   9187.5
-94.546   9218.75
-94.9635   9250
-94.9988   9281.25
-95.0046   9312.5
-94.6813   9343.75
-94.3579   9375
-94.7342   9406.25
-95.0517   9437.5
-95.1046   9468.75
-95.1928   9500
-95.2104   9531.25
-95.5456   9562.5
-95.4456   9593.75
-95.0458   9625
-95.1575   9656.25
-95.2869   9687.5
-95.1987   9718.75
-95.2692   9750
-95.5338   9781.25
-95.6631   9812.5
-95.4221   9843.75
-94.8459   9875
-95.1693   9906.25
-95.5456   9937.5
-95.4632   9968.75
-95.281   10000
-95.1751   10031.3
-95.134   10062.5
-95.181   10093.8
-95.3457   10125
-95.2516   10156.3
-95.1869   10187.5
-95.5162   10218.8
-95.522   10250
-95.4926   10281.3
-95.5985   10312.5
-95.4809   10343.8
-95.7278   10375
-95.7161   10406.3
-95.4691   10437.5
-95.3515   10468.8
-95.0517   10500
-95.1105   10531.3
-95.1164   10562.5
-95.2633   10593.8
-95.7102   10625
-96.0042   10656.3
-95.8513   10687.5
-95.8219   10718.8
-96.1041   10750
-96.0747   10781.3
-95.8454   10812.5
-95.7513   10843.8
-95.6984   10875
-95.6984   10906.3
-96.2687   10937.5
-96.2511   10968.8
-95.8807   11000
-95.9924   11031.3
-95.9689   11062.5
-95.5338   11093.8
-95.5573   11125
-95.7807   11156.3
-95.8337   11187.5
-95.9454   11218.8
-95.8866   11250
-95.7219   11281.3
-96.157   11312.5
-96.4686   11343.8
-96.1923   11375
-96.0865   11406.3
-96.3216   11437.5
-96.351   11468.8
-96.0806   11500
-95.7925   11531.3
-96.1217   11562.5
-96.5039   11593.8
-96.4157   11625
-96.3804   11656.3
-96.3275   11687.5
-96.6039   11718.8
-96.8802   11750
-96.6803   11781.3
-96.6333   11812.5
-96.2864   11843.8
-96.1511   11875
-96.3863   11906.3
-96.4334   11937.5
-96.4922   11968.8
-96.5039   12000
-96.8626   12031.3
-97.0213   12062.5
-96.6803   12093.8
-96.5627   12125
-96.7097   12156.3
-96.8743   12187.5
-97.3917   12218.8
-97.6034   12250
-97.2153   12281.3
-96.7861   12312.5
-96.6979   12343.8
-97.0213   12375
-97.327   12406.3
-97.7504   12437.5
-97.721   12468.8
