%03/12/2016 11:41 AM

-50.8673   0
-54.2068   250
-64.9722   500
-86.2618   750
-99.7788   1000
-99.8552   1250
-99.5789   1500
-99.1203   1750
-98.5382   2000
-97.7327   2250
-96.745   2500
-95.7749   2750
-94.6871   3000
-93.3466   3250
-92.3765   3500
-91.5005   3750
-90.7303   4000
-90.4363   4250
-90.8772   4500
-91.7356   4750
-91.8532   5000
-92.0767   5250
-92.5117   5500
-93.2408   5750
-94.0639   6000
-94.5343   6250
-94.3226   6500
-94.2873   6750
-94.6401   7000
-94.7165   7250
-94.9047   7500
-95.0399   7750
-95.2104   8000
-95.4103   8250
-95.2339   8500
-94.9694   8750
-95.0282   9000
-95.2045   9250
-95.134   9500
-95.0752   9750
-94.8047   10000
-94.452   10250
-93.9816   10500
-94.3461   10750
-94.6871   11000
-94.2991   11250
-94.0051   11500
-94.058   11750
-93.9581   12000
-93.9169   12250
-93.9992   12500
-94.0698   12750
-94.5931   13000
-95.1458   13250
-95.1281   13500
-94.8518   13750
-95.0752   14000
-95.1458   14250
-95.3574   14500
-95.9042   14750
-95.7337   15000
-94.8341   15250
-94.4226   15500
-94.4872   15750
-94.9517   16000
-95.181   16250
-95.0164   16500
-94.9223   16750
-95.2222   17000
-95.4515   17250
-95.4456   17500
-95.3221   17750
-94.8812   18000
-94.4931   18250
-94.3814   18500
-94.4931   18750
-94.7871   19000
-95.0634   19250
-94.6401   19500
-94.1462   19750
-93.8934   20000
-93.77   20250
-93.5583   20500
-93.4583   20750
-93.9169   21000
-94.2638   21250
-93.9228   21500
-93.4936   21750
-93.1232   22000
-93.0997   22250
-93.1232   22500
-93.229   22750
-93.0409   23000
-92.4882   23250
-92.5588   23500
-92.7704   23750
-92.7881   24000
-93.0291   24250
-93.1232   24500
-93.0174   24750
-92.9645   25000
-92.7058   25250
-93.0527   25500
-93.2584   25750
-92.7528   26000
-92.4   26250
-92.4   26500
-92.7822   26750
-93.1056   27000
-92.5941   27250
-92.4   27500
-92.253   27750
-92.1766   28000
-92.1061   28250
-91.9179   28500
-91.9708   28750
-91.9003   29000
-91.5416   29250
-91.4123   29500
-91.8356   29750
-91.7356   30000
-91.3358   30250
-91.3182   30500
-91.1242   30750
-90.8537   31000
-90.9125   31250
-91.2712   31500
-91.2418   31750
-91.0242   32000
-91.0595   32250
-91.183   32500
-90.889   32750
-90.9066   33000
-91.0183   33250
-90.9772   33500
-91.1065   33750
-90.9478   34000
-90.7773   34250
-90.7714   34500
-90.5362   34750
-90.5068   35000
-90.6303   35250
-90.8008   35500
-90.8008   35750
-90.5774   36000
-90.1835   36250
-90.0365   36500
-89.9836   36750
-89.96   37000
-89.8072   37250
-90.0541   37500
-90.2952   37750
-89.7484   38000
-89.7543   38250
-90.0071   38500
-89.4074   38750
-89.1781   39000
-89.6896   39250
-89.4426   39500
-89.0193   39750
-89.4309   40000
-89.572   40250
-89.3133   40500
-89.6073   40750
-89.9189   41000
-89.7601   41250
-89.1545   41500
-88.8782   41750
-89.2251   42000
-89.719   42250
-89.5661   42500
-88.9958   42750
-89.1251   43000
-89.2721   43250
-89.3662   43500
-89.7366   43750
-89.5367   44000
-89.5073   44250
-89.6778   44500
-89.913   44750
-89.5191   45000
-88.8371   45250
-88.5137   45500
-88.6665   45750
-88.8488   46000
-89.0017   46250
-89.0134   46500
-88.9782   46750
-88.9488   47000
-89.1193   47250
-88.9135   47500
-88.7547   47750
-88.7547   48000
-88.8135   48250
-88.9194   48500
-88.7665   48750
-88.8547   49000
-89.0958   49250
-88.937   49500
-88.6548   49750
-88.6489   50000
-88.9076   50250
-88.7547   50500
-88.2138   50750
-87.8611   51000
-87.7082   51250
-88.0727   51500
-88.449   51750
-88.4196   52000
-88.3373   52250
-88.2903   52500
-88.643   52750
-88.5784   53000
-88.89   53250
-88.8488   53500
-88.3726   53750
-88.5548   54000
-88.6783   54250
-88.0727   54500
-87.5553   54750
-87.4907   55000
-87.326   55250
-87.1144   55500
-87.6494   55750
-88.108   56000
-88.0845   56250
-87.8434   56500
-87.8023   56750
-88.1315   57000
-88.4372   57250
-88.4314   57500
-88.2726   57750
-88.0316   58000
-87.9434   58250
-88.0257   58500
-88.1786   58750
-88.1609   59000
-88.0786   59250
-87.9316   59500
-87.9081   59750
-88.3667   60000
-88.3726   60250
-88.0668   60500
-87.8258   60750
-87.8258   61000
-88.0786   61250
-88.0257   61500
-87.8317   61750
-87.9551   62000
-88.0845   62250
-87.914   62500
-87.8081   62750
-88.2785   63000
-88.0845   63250
-87.6435   63500
-87.7376   63750
-87.8787   64000
-87.8434   64250
-87.7552   64500
-87.7141   64750
-87.6906   65000
-87.4025   65250
-87.3966   65500
-88.0786   65750
-88.3902   66000
-88.2197   66250
-88.1021   66500
-87.7317   66750
-87.7964   67000
-88.155   67250
-88.2256   67500
-88.0668   67750
-87.9434   68000
-87.6964   68250
-87.8023   68500
-88.1668   68750
-88.0551   69000
-87.5142   69250
-87.3613   69500
-87.5788   69750
-87.6435   70000
-87.5965   70250
-87.5024   70500
-87.4142   70750
-87.426   71000
-87.3084   71250
-86.9968   71500
-87.0262   71750
-87.132   72000
-86.9909   72250
-86.8851   72500
-87.3848   72750
-87.6082   73000
-87.132   73250
-87.1026   73500
-87.6082   73750
-87.5965   74000
-87.4495   74250
-87.573   74500
-87.3848   74750
-87.4436   75000
-87.6082   75250
-87.6376   75500
-87.5553   75750
-87.2555   76000
-87.3731   76250
-87.72   76500
-88.1903   76750
-88.5431   77000
-88.1903   77250
-88.008   77500
-88.2785   77750
-88.449   78000
-88.3432   78250
-88.1492   78500
-88.3726   78750
-88.4314   79000
-88.108   79250
-88.1903   79500
-88.5313   79750
-88.6313   80000
-88.5725   80250
-88.3608   80500
-88.3255   80750
-88.3432   81000
-88.0492   81250
-87.6024   81500
-87.7787   81750
-88.2491   82000
-88.4666   82250
-88.3726   82500
-88.1903   82750
-88.549   83000
-88.5254   83250
-88.2491   83500
-88.008   83750
-88.0139   84000
-88.6313   84250
-88.9723   84500
-88.8429   84750
-88.5019   85000
-88.1903   85250
-88.0962   85500
-88.2373   85750
-88.6783   86000
-88.9429   86250
-88.79   86500
-88.4431   86750
-88.0727   87000
-88.108   87250
-88.3491   87500
-88.5548   87750
-88.6959   88000
-88.8841   88250
-89.3662   88500
-89.2192   88750
-88.9546   89000
-88.7783   89250
-88.743   89500
-88.7371   89750
-88.6607   90000
-88.6372   90250
-88.8253   90500
-89.1134   90750
-89.3368   91000
-89.2251   91250
-88.8723   91500
-88.7136   91750
-89.0899   92000
-89.6249   92250
-89.4309   92500
-89.0664   92750
-89.0076   93000
-89.2957   93250
-89.4779   93500
-89.6014   93750
-89.5308   94000
-89.6896   94250
-89.7425   94500
-89.2721   94750
-88.7371   95000
-88.9546   95250
-89.131   95500
-89.2839   95750
-89.2545   96000
-89.0958   96250
-89.3368   96500
-89.8072   96750
-89.7249   97000
-89.4426   97250
-89.472   97500
-89.2721   97750
-89.1016   98000
-89.3486   98250
-89.7249   98500
-89.7719   98750
-89.7072   99000
-89.4309   99250
-89.2839   99500
-89.2427   99750
