%03/12/2016 11:46 AM

-48.492   0
-51.7551   250
-61.6268   500
-68.3941   750
-69.958   1000
-72.6391   1250
-75.1555   1500
-76.9252   1750
-77.6895   2000
-78.1599   2250
-77.8306   2500
-77.278   2750
-76.9076   3000
-75.9727   3250
-75.3025   3500
-75.0908   3750
-75.0438   4000
-75.1378   4250
-75.667   4500
-76.9017   4750
-77.6484   5000
-78.0835   5250
-78.9889   5500
-80.1766   5750
-80.9468   6000
-81.1349   6250
-81.4583   6500
-82.2638   6750
-83.1281   7000
-83.6925   7250
-84.0864   7500
-84.1923   7750
-84.8978   8000
-85.3799   8250
-85.3388   8500
-85.3152   8750
-85.5387   9000
-85.8797   9250
-85.8032   9500
-85.8268   9750
-86.2089   10000
-86.4441   10250
-86.4029   10500
-86.5852   10750
-86.744   11000
-86.9439   11250
-87.1202   11500
-87.232   11750
-87.4142   12000
-87.6494   12250
-87.7964   12500
-88.155   12750
-88.6842   13000
-88.8547   13250
-88.9429   13500
-89.7366   13750
-90.6891   14000
-91.2947   14250
-91.9062   14500
-92.6646   14750
-92.5176   15000
-91.1771   15250
-91.1124   15500
-92.1531   15750
-92.9527   16000
-93.3231   16250
-93.3584   16500
-93.1173   16750
-93.3055   17000
-94.1051   17250
-94.3579   17500
-94.3461   17750
-94.5696   18000
-94.6225   18250
-94.646   18500
-94.9223   18750
-95.0752   19000
-95.3163   19250
-95.2927   19500
-95.3574   19750
-95.6455   20000
-95.8689   20250
-95.7513   20500
-95.7219   20750
-95.7337   21000
-96.1276   21250
-96.5098   21500
-96.6921   21750
-96.3981   22000
-96.5039   22250
-96.4157   22500
-96.3393   22750
-96.5333   23000
-96.5862   23250
-96.8096   23500
-96.8861   23750
-96.7509   24000
-96.8155   24250
-96.9155   24500
-96.9566   24750
-96.8508   25000
-96.9978   25250
-97.133   25500
-97.2212   25750
-97.2447   26000
-97.1801   26250
-97.1977   26500
-97.133   26750
-96.9743   27000
-96.9684   27250
-97.0919   27500
-97.3035   27750
-97.8503   28000
-98.0385   28250
-97.6857   28500
-97.4388   28750
-97.4446   29000
-97.768   29250
-97.7739   29500
-97.8092   29750
-98.1561   30000
-98.2148   30250
-97.9032   30500
-97.4682   30750
-97.4152   31000
-97.574   31250
-97.8797   31500
-98.0796   31750
-98.0737   32000
-98.1796   32250
-98.3618   32500
-98.0855   32750
-97.9209   33000
-97.9326   33250
-98.0443   33500
-98.3971   33750
-98.4794   34000
-97.8444   34250
-97.8033   34500
-98.2619   34750
-98.209   35000
-98.4735   35250
-98.791   35500
-98.403   35750
-98.2442   36000
-98.6911   36250
-99.2732   36500
-99.5142   36750
-99.1732   37000
-98.8028   37250
-98.6558   37500
-98.8675   37750
-99.0027   38000
-98.9145   38250
-98.4206   38500
-97.5328   38750
-97.7327   39000
-98.3089   39250
-98.5853   39500
-98.8028   39750
-98.8969   40000
-99.0262   40250
-98.9145   40500
-98.9851   40750
-99.1262   41000
-98.9086   41250
-98.9674   41500
-99.2673   41750
-99.0497   42000
-98.7616   42250
-98.697   42500
-98.791   42750
-98.9733   43000
-99.1379   43250
-99.526   43500
-99.4731   43750
-99.3849   44000
-99.6083   44250
-99.1438   44500
-98.6147   44750
-98.5441   45000
-98.938   45250
-99.2908   45500
-99.5201   45750
-99.7729   46000
-99.4848   46250
-99.3202   46500
-99.3026   46750
-99.4789   47000
-99.6612   47250
-99.573   47500
-99.5025   47750
-99.3966   48000
-99.2379   48250
-99.3907   48500
-99.1438   48750
-98.6676   49000
-98.6382   49250
-98.6499   49500
-98.6499   49750
-98.3677   50000
-98.1267   50250
-98.1208   50500
-98.1737   50750
-98.1502   51000
-98.4677   51250
-98.8733   51500
-98.4559   51750
-98.2736   52000
-98.644   52250
-98.8969   52500
-98.9439   52750
-98.6558   53000
-98.1678   53250
-97.9797   53500
-98.2325   53750
-98.3501   54000
-98.0737   54250
-97.8503   54500
-97.915   54750
-97.6034   55000
-97.815   55250
-98.3618   55500
-97.7092   55750
-97.327   56000
-97.4564   56250
-97.4564   56500
-97.2565   56750
-96.9978   57000
-96.9684   57250
-96.8214   57500
-96.6979   57750
-96.6803   58000
-96.6215   58250
-96.5509   58500
-96.0806   58750
-95.9865   59000
-96.0688   59250
-96.1629   59500
-96.2864   59750
-96.11   60000
-96.2041   60250
-96.2393   60500
-95.7925   60750
-95.7572   61000
-95.4985   61250
-95.3398   61500
-95.9512   61750
-96.4334   62000
-96.2805   62250
-96.0924   62500
-96.2158   62750
-96.3804   63000
-96.3804   63250
-96.6627   63500
-97.0213   63750
-97.4152   64000
-97.3976   64250
-97.3917   64500
-97.3858   64750
-97.4505   65000
-97.6681   65250
-97.6857   65500
-97.8268   65750
-98.2501   66000
-98.3442   66250
-98.3501   66500
-98.4147   66750
-97.7798   67000
-97.6681   67250
-98.3324   67500
-98.1502   67750
-97.7386   68000
-98.0091   68250
-98.403   68500
-98.4677   68750
-98.356   69000
-98.0914   69250
-97.9679   69500
-97.8033   69750
-97.574   70000
-97.4329   70250
-97.5857   70500
-97.574   70750
-97.5387   71000
-97.1624   71250
-96.8273   71500
-97.2388   71750
-97.2036   72000
-96.9508   72250
-96.9919   72500
-97.3623   72750
-97.815   73000
-97.7856   73250
-97.5093   73500
-97.3564   73750
-97.1448   74000
-97.327   74250
-97.7092   74500
-97.7562   74750
-98.0149   75000
-98.3148   75250
-98.3324   75500
-98.4794   75750
-98.6147   76000
-98.6147   76250
-98.6264   76500
-98.8792   76750
-99.2614   77000
-99.426   77250
-99.4495   77500
-99.7082   77750
-100.108   78000
-100.132   78250
-100.126   78500
-100.584   78750
-100.908   79000
-100.678   79250
-100.714   79500
-100.966   79750
-101.196   80000
-101.172   80250
-101.125   80500
-101.243   80750
-101.713   81000
-102.113   81250
-102.037   81500
-102.289   81750
-102.248   82000
-102.33   82250
-102.325   82500
-102.189   82750
-102.624   83000
-102.948   83250
-102.672   83500
-102.707   83750
-103.412   84000
-103.406   84250
-102.854   84500
-102.583   84750
-102.642   85000
-103.083   85250
-103.242   85500
-103.001   85750
-103.33   86000
-103.371   86250
-103.118   86500
-103.271   86750
-103.689   87000
-103.83   87250
-103.765   87500
-103.612   87750
-103.453   88000
-103.542   88250
-104.018   88500
-104.006   88750
-103.918   89000
-104.294   89250
-104.335   89500
-103.771   89750
-103.518   90000
-103.994   90250
-104.112   90500
-103.489   90750
-103.401   91000
-103.777   91250
-104.324   91500
-104.465   91750
-104.4   92000
-104.118   92250
-104.23   92500
-104.529   92750
-104.653   93000
-104.618   93250
-104.259   93500
-104.324   93750
-104.071   94000
-103.977   94250
-104.759   94500
-104.994   94750
-104.318   95000
-104.147   95250
-104.582   95500
-105.094   95750
-104.988   96000
-104.471   96250
-104.429   96500
-104.8   96750
-104.747   97000
-104.388   97250
-104.606   97500
-105.053   97750
-105.041   98000
-104.841   98250
-104.647   98500
-104.823   98750
-105.123   99000
-105.641   99250
-105.411   99500
-105.094   99750
