%03/12/2016 11:51 AM

-49.368   0
-52.7076   250
-63.4729   500
-84.4745   750
-93.1526   1000
-92.9409   1250
-92.6705   1500
-92.9292   1750
-92.2883   2000
-90.8243   2250
-89.4956   2500
-88.4137   2750
-87.6964   3000
-86.7616   3250
-85.2682   3500
-84.1158   3750
-83.4279   4000
-82.9517   4250
-83.0399   4500
-83.3809   4750
-83.7983   5000
-84.6215   5250
-85.1153   5500
-85.3976   5750
-85.8797   6000
-86.6028   6250
-87.1379   6500
-87.4613   6750
-87.4789   7000
-87.5436   7250
-87.7611   7500
-88.1374   7750
-88.2961   8000
-87.9963   8250
-88.0727   8500
-88.3902   8750
-88.2844   9000
-87.9257   9250
-88.1492   9500
-88.7018   9750
-88.6313   10000
-88.4431   10250
-88.0374   10500
-87.7435   10750
-87.8199   11000
-88.1962   11250
-88.5666   11500
-88.9017   11750
-89.1369   12000
-89.3662   12250
-90.0247   12500
-90.1541   12750
-89.6661   13000
-89.96   13250
-90.7067   13500
-90.9184   13750
-91.4946   14000
-91.9003   14250
-92.4059   14500
-93.2232   14750
-93.329   15000
-92.0649   15250
-91.7827   15500
-92.1766   15750
-92.6705   16000
-93.1114   16250
-93.6112   16500
-93.4819   16750
-93.2114   17000
-93.5994   17250
-93.9346   17500
-94.111   17750
-93.9757   18000
-93.6406   18250
-93.6935   18500
-93.8229   18750
-93.717   19000
-93.7406   19250
-94.011   19500
-94.2168   19750
-94.4461   20000
-94.4579   20250
-94.4579   20500
-94.4343   20750
-94.3167   21000
-94.4696   21250
-94.6225   21500
-94.4402   21750
-94.7107   22000
-95.1516   22250
-95.0105   22500
-94.6636   22750
-94.5166   23000
-94.8224   23250
-94.6048   23500
-94.1698   23750
-94.5166   24000
-95.0164   24250
-95.2104   24500
-95.2104   24750
-95.2692   25000
-95.2986   25250
-95.4985   25500
-95.2222   25750
-94.8341   26000
-94.8518   26250
-94.9282   26500
-95.1164   26750
-95.3515   27000
-95.3515   27250
-95.3045   27500
-95.4809   27750
-95.4515   28000
-95.2222   28250
-95.0576   28500
-95.3457   28750
-96.0512   29000
-96.1276   29250
-95.3927   29500
-95.1164   29750
-95.328   30000
-95.7219   30250
-96.2158   30500
-96.2393   30750
-95.8866   31000
-95.6044   31250
-95.769   31500
-95.7043   31750
-95.3045   32000
-95.2457   32250
-95.7984   32500
-96.0159   32750
-96.0453   33000
-96.2335   33250
-95.9924   33500
-95.9454   33750
-96.063   34000
-96.1159   34250
-96.498   34500
-96.1453   34750
-96.1511   35000
-96.0277   35250
-95.622   35500
-95.6044   35750
-95.6337   36000
-95.769   36250
-95.9277   36500
-95.816   36750
-95.9395   37000
-96.1394   37250
-96.3687   37500
-96.4922   37750
-96.5745   38000
-96.3981   38250
-96.2158   38500
-95.8748   38750
-95.6514   39000
-95.8807   39250
-96.3863   39500
-96.6215   39750
-96.7567   40000
-96.7332   40250
-96.5451   40500
-96.5333   40750
-96.6391   41000
-96.7861   41250
-96.9272   41500
-96.9037   41750
-96.8626   42000
-96.9037   42250
-96.9331   42500
-96.792   42750
-96.8567   43000
-97.0272   43250
-97.0037   43500
-96.7979   43750
-96.3393   44000
-96.6627   44250
-97.3094   44500
-97.4035   44750
-97.2976   45000
-97.1095   45250
-96.8567   45500
-96.8743   45750
-97.2095   46000
-97.1977   46250
-96.8449   46500
-96.7215   46750
-96.8978   47000
-97.3035   47250
-97.2153   47500
-97.133   47750
-97.1801   48000
-97.0919   48250
-96.7803   48500
-96.598   48750
-96.6803   49000
-96.892   49250
-96.9096   49500
-96.9978   49750
-97.4388   50000
-97.5387   50250
-97.4799   50500
-97.474   50750
-97.2565   51000
-97.0448   51250
-97.0566   51500
-97.0977   51750
-96.986   52000
-97.0272   52250
-97.0919   52500
-97.4094   52750
-97.9326   53000
-97.815   53250
-97.5681   53500
-97.8033   53750
-97.5857   54000
-97.0566   54250
-97.327   54500
-97.6622   54750
-97.4329   55000
-97.2624   55250
-97.427   55500
-97.5563   55750
-97.3447   56000
-96.9684   56250
-96.8214   56500
-97.2741   56750
-97.6269   57000
-97.5034   57250
-97.327   57500
-97.1448   57750
-96.5157   58000
-96.4628   58250
-97.1036   58500
-97.6445   58750
-97.7268   59000
-97.8209   59250
-97.8209   59500
-97.6328   59750
-97.5034   60000
-97.233   60250
-97.086   60500
-97.3212   60750
-97.1154   61000
-97.1918   61250
-97.6445   61500
-97.6504   61750
-97.2271   62000
-97.0154   62250
-97.0272   62500
-96.8332   62750
-97.1977   63000
-97.6445   63250
-97.6328   63500
-97.3741   63750
-97.3682   64000
-97.4564   64250
-97.3564   64500
-97.1271   64750
-96.8861   65000
-96.7979   65250
-96.6333   65500
-96.6627   65750
-96.6979   66000
-96.5568   66250
-96.745   66500
-96.9684   66750
-96.8508   67000
-96.8038   67250
-96.6921   67500
-96.498   67750
-96.2629   68000
-96.5451   68250
-96.9978   68500
-96.8449   68750
-96.1923   69000
-96.1041   69250
-96.1217   69500
-96.0571   69750
-95.9395   70000
-95.7925   70250
-95.7572   70500
-95.5867   70750
-95.328   71000
-95.1751   71250
-95.0105   71500
-95.0576   71750
-95.0752   72000
-95.1458   72250
-95.3339   72500
-95.0811   72750
-94.7048   73000
-94.987   73250
-95.087   73500
-94.7518   73750
-94.8224   74000
-94.9517   74250
-95.0693   74500
-95.0046   74750
-95.0576   75000
-95.0752   75250
-94.9458   75500
-95.1105   75750
-95.4397   76000
-95.7337   76250
-96.1805   76500
-96.3275   76750
-96.3216   77000
-96.4922   77250
-96.5745   77500
-96.892   77750
-97.2682   78000
-97.5211   78250
-97.0801   78500
-97.0683   78750
-97.3153   79000
-97.2976   79250
-97.474   79500
-97.6328   79750
-97.5328   80000
-97.3329   80250
-97.2624   80500
-97.6504   80750
-98.1619   81000
-97.6916   81250
-97.1624   81500
-97.6034   81750
-98.0326   82000
-98.0737   82250
-97.8444   82500
-97.7033   82750
-97.9268   83000
-98.2501   83250
-98.6676   83500
-98.8969   83750
-98.6911   84000
-98.644   84250
-98.6911   84500
-98.5265   84750
-98.4324   85000
-98.7028   85250
-98.5911   85500
-98.3677   85750
-98.4912   86000
-98.5911   86250
-98.4618   86500
-98.6382   86750
-99.2673   87000
-99.5965   87250
-99.3319   87500
-99.1497   87750
-99.2026   88000
-99.3378   88250
-99.3026   88500
-98.9027   88750
-98.8146   89000
-98.8733   89250
-98.8381   89500
-98.6793   89750
-98.7616   90000
-99.3084   90250
-99.6083   90500
-99.2614   90750
-99.4672   91000
-99.8023   91250
-99.767   91500
-99.6142   91750
-99.232   92000
-98.6676   92250
-98.7852   92500
-99.3496   92750
-99.5965   93000
-99.426   93250
-99.2379   93500
-99.2732   93750
-99.0615   94000
-99.0145   94250
-99.3907   94500
-99.2908   94750
-98.9615   95000
-98.9263   95250
-98.9086   95500
-99.2849   95750
-99.9199   96000
-99.7259   96250
-99.4789   96500
-99.6259   96750
-99.8199   97000
-99.5965   97250
-99.5848   97500
-99.8376   97750
-99.7553   98000
-99.6906   98250
-99.9081   98500
-99.9846   98750
-99.72   99000
-99.6259   99250
-99.6612   99500
-99.8199   99750
