%01/22/2016 5:41 PM

-61.3926   0
-64.3911   250
-71.5935   500
-74.4451   750
-74.7978   1000
-74.9154   1250
-74.2687   1500
-72.1991   1750
-70.9585   2000
-70.7763   2250
-70.2471   2500
-70.0648   2750
-69.6533   3000
-68.9184   3250
-68.7185   3500
-69.4534   3750
-71.3466   4000
-73.3456   4250
-74.3569   4500
-75.5093   4750
-76.3677   5000
-76.7557   5250
-77.7905   5500
-78.1727   5750
-77.7258   6000
-76.9733   6250
-76.3383   6500
-76.1972   6750
-76.4029   7000
-76.4441   7250
-76.0325   7500
-75.6445   7750
-76.0913   8000
-76.4088   8250
-76.6558   8500
-76.9497   8750
-77.2202   9000
-77.1085   9250
-76.7969   9500
-76.5147   9750
-75.862   10000
-73.963   10250
-74.1158   10500
-77.5259   10750
-82.5647   11000
-86.257   11250
-86.6391   11500
-86.1159   11750
-85.8866   12000
-86.0159   12250
-86.2864   12500
-86.9508   12750
-87.427   13000
-87.6387   13250
-87.4623   13500
-87.1801   13750
-87.2682   14000
-87.7562   14250
-88.0326   14500
-88.1737   14750
-88.3971   15000
-88.5794   15250
-88.9674   15500
-89.1144   15750
-89.1085   16000
-89.5083   16250
-89.6377   16500
-89.3378   16750
-89.4084   17000
-89.4848   17250
-89.9258   17500
-90.014   17750
-89.6436   18000
-89.7729   18250
-89.8905   18500
-89.9258   18750
-90.3726   19000
-90.9606   19250
-91.2839   19500
-91.4838   19750
-91.2545   20000
-91.378   20250
-91.8072   20500
-91.5426   20750
-91.4133   21000
-92.0718   21250
-92.8185   21500
-93.5946   21750
-94.1237   22000
-94.5294   22250
-94.9939   22500
-95.2173   22750
-95.5113   23000
-95.8582   23250
-95.6583   23500
-95.5466   23750
-95.2467   24000
-95.3173   24250
-95.5113   24500
-95.6877   24750
-96.0816   25000
-96.4873   25250
-96.5226   25500
-96.0404   25750
-95.8053   26000
-96.1286   26250
-96.6166   26500
-96.5461   26750
-96.4873   27000
-96.4697   27250
-95.9523   27500
-95.8464   27750
-96.3109   28000
-96.7225   28250
-96.8048   28500
-96.7401   28750
-97.1223   29000
-97.4104   29250
-97.3163   29500
-97.5221   29750
-98.0571   30000
-97.9278   30250
-97.4809   30500
-97.4339   30750
-97.4339   31000
-97.281   31250
-97.3222   31500
-97.2222   31750
-97.3575   32000
-97.1752   32250
-97.1399   32500
-97.0282   32750
-96.9047   33000
-97.4398   33250
-97.7573   33500
-97.5632   33750
-97.4692   34000
-97.8807   34250
-97.8337   34500
-97.6162   34750
-97.6162   35000
-97.5221   35250
-97.6926   35500
-98.21   35750
-98.2688   36000
-98.2335   36250
-98.2394   36500
-98.1335   36750
-98.4216   37000
-98.8038   37250
-98.8744   37500
-98.6509   37750
-98.4334   38000
-98.6039   38250
-98.6274   38500
-97.2163   38750
-97.2105   39000
-97.963   39250
-97.8925   39500
-98.1159   39750
-98.5334   40000
-98.6862   40250
-98.7274   40500
-99.0214   40750
-99.1742   41000
-98.8391   41250
-98.8156   41500
-99.2859   41750
-99.0625   42000
-99.0743   42250
-99.4388   42500
-99.7034   42750
-99.9327   43000
-100.091   43250
-99.9092   43500
-99.9503   43750
-100.15   44000
-100.021   44250
-99.9033   44500
-99.6622   44750
-99.5152   45000
-99.5623   45250
-99.7151   45500
-99.8268   45750
-99.8445   46000
-99.9562   46250
-100.15   46500
-99.9092   46750
-99.768   47000
-99.8915   47250
-99.9327   47500
-99.6034   47750
-99.721   48000
-100.056   48250
-100.368   48500
-100.544   48750
-100.562   49000
-100.38   49250
-100.374   49500
-100.462   49750
-100.15   50000
-100.056   50250
-100.268   50500
-100.527   50750
-100.95   51000
-100.626   51250
-100.468   51500
-100.885   51750
-101.191   52000
-101.02   52250
-100.556   52500
-100.415   52750
-100.638   53000
-100.738   53250
-100.744   53500
-100.791   53750
-100.956   54000
-101.085   54250
-100.797   54500
-100.203   54750
-99.5917   55000
-99.7739   55250
-100.574   55500
-100.973   55750
-99.6916   56000
-97.869   56250
-97.8866   56500
-99.721   56750
-100.915   57000
-100.932   57250
-101.067   57500
-101.003   57750
-100.915   58000
-101.079   58250
-101.209   58500
-101.291   58750
-101.132   59000
-100.891   59250
-100.962   59500
-101.014   59750
-101.079   60000
-101.126   60250
-101.179   60500
-101.491   60750
-101.667   61000
-101.544   61250
-101.602   61500
-101.773   61750
-101.873   62000
-101.838   62250
-101.938   62500
-101.961   62750
-101.896   63000
-101.943   63250
-101.896   63500
-101.749   63750
-101.173   64000
-101.114   64250
-101.379   64500
-101.697   64750
-102.026   65000
-102.014   65250
-101.767   65500
-101.326   65750
-101.338   66000
-101.791   66250
-101.638   66500
-101.691   66750
-101.72   67000
-101.491   67250
-101.632   67500
-101.779   67750
-101.932   68000
-102.196   68250
-102.349   68500
-101.802   68750
-101.538   69000
-101.767   69250
-101.708   69500
-101.82   69750
-102.179   70000
-102.102   70250
-101.838   70500
-101.855   70750
-102.284   71000
-102.578   71250
-102.42   71500
-102.026   71750
-102.049   72000
-102.214   72250
-102.367   72500
-102.473   72750
-102.379   73000
-102.384   73250
-102.555   73500
-102.578   73750
-102.555   74000
-102.831   74250
-102.455   74500
-101.979   74750
-102.137   75000
-101.973   75250
-102.155   75500
-102.49   75750
-102.478   76000
-102.608   76250
-103.008   76500
-102.849   76750
-102.332   77000
-102.655   77250
-103.213   77500
-103.143   77750
-103.09   78000
-103.266   78250
-103.402   78500
-102.937   78750
-102.426   79000
-102.59   79250
-102.825   79500
-102.784   79750
-102.531   80000
-102.673   80250
-103.149   80500
-103.161   80750
-102.908   81000
-102.79   81250
-102.743   81500
-102.925   81750
-103.525   82000
-103.901   82250
-103.143   82500
-102.52   82750
-102.961   83000
-103.466   83250
-103.484   83500
-103.46   83750
-103.061   84000
-102.69   84250
-102.978   84500
-103.213   84750
-103.296   85000
-102.919   85250
-102.314   85500
-102.496   85750
-103.272   86000
-103.378   86250
-102.837   86500
-102.867   86750
-103.507   87000
-103.907   87250
-103.931   87500
-103.349   87750
-103.425   88000
-103.754   88250
-103.613   88500
-103.831   88750
-103.813   89000
-103.519   89250
-103.737   89500
-104.031   89750
-103.931   90000
-103.825   90250
-103.631   90500
-103.46   90750
-103.707   91000
-103.743   91250
-103.772   91500
-103.713   91750
-103.59   92000
-103.696   92250
-103.831   92500
-103.631   92750
-103.472   93000
-103.878   93250
-104.166   93500
-104.16   93750
-103.807   94000
-103.584   94250
-103.731   94500
-103.696   94750
-103.331   95000
-103.349   95250
-103.954   95500
-103.925   95750
-103.654   96000
-103.79   96250
-103.831   96500
-104.242   96750
-104.366   97000
-104.219   97250
-104.06   97500
-103.913   97750
-104.078   98000
-104.407   98250
-104.072   98500
-104.019   98750
-104.478   99000
-104.525   99250
-104.354   99500
-104.254   99750
