%01/22/2016 5:28 PM

-60.2814   0
-63.5151   31.25
-72.8694   62.5
-78.3314   93.75
-77.9022   125
-82.1296   156.25
-84.3814   187.5
-80.7773   218.75
-82.4412   250
-88.1678   281.25
-90.2609   312.5
-88.6382   343.75
-88.3148   375
-89.0497   406.25
-89.2379   437.5
-89.9611   468.75
-89.4025   500
-87.7445   531.25
-88.3148   562.5
-89.5906   593.75
-87.6034   625
-85.7219   656.25
-87.1036   687.5
-88.4089   718.75
-86.2746   750
-84.9811   781.25
-86.4275   812.5
-87.4094   843.75
-86.3981   875
-86.0394   906.25
-86.6862   937.5
-86.3804   968.75
-85.3221   1000
-85.2633   1031.25
-86.745   1062.5
-86.4275   1093.75
-84.9282   1125
-84.8871   1156.25
-85.2692   1187.5
-85.1281   1218.75
-84.8047   1250
-84.9752   1281.25
-85.2633   1312.5
-84.8047   1343.75
-83.8875   1375
-84.0757   1406.25
-84.2756   1437.5
-83.3878   1468.75
-82.7469   1500
-83.5583   1531.25
-83.8111   1562.5
-82.5353   1593.75
-81.9473   1625
-83.7817   1656.25
-83.8111   1687.5
-80.8831   1718.75
-80.1011   1750
-82.0884   1781.25
-82.5764   1812.5
-80.6362   1843.75
-80.3598   1875
-82.0473   1906.25
-82.4177   1937.5
-81.5475   1968.75
-81.8415   2000
-82.059   2031.25
-82.0179   2062.5
-81.5357   2093.75
-81.6357   2125
-82.4177   2156.25
-81.7356   2187.5
-80.5539   2218.75
-80.6715   2250
-81.1418   2281.25
-80.1129   2312.5
-79.1251   2343.75
-80.2481   2375
-80.7303   2406.25
-78.7371   2437.5
-77.8023   2468.75
-79.3603   2500
-79.6955   2531.25
-78.2726   2562.5
-78.7606   2593.75
-80.7832   2625
-79.8366   2656.25
-78.5372   2687.5
-79.1545   2718.75
-80.2775   2750
-79.9365   2781.25
-79.0781   2812.5
-78.8135   2843.75
-78.8312   2875
-78.7606   2906.25
-78.4902   2937.5
-78.5548   2968.75
-78.302   3000
-77.6847   3031.25
-77.1379   3062.5
-77.4671   3093.75
-77.3731   3125
-76.8909   3156.25
-76.8321   3187.5
-77.4436   3218.75
-77.1438   3250
-76.6028   3281.25
-76.5382   3312.5
-76.6205   3343.75
-76.7146   3375
-76.9791   3406.25
-76.7969   3437.5
-76.5029   3468.75
-76.35   3500
-76.5264   3531.25
-76.8439   3562.5
-77.1496   3593.75
-77.5553   3625
-77.4319   3656.25
-77.9845   3687.5
-78.3785   3718.75
-78.0433   3750
-78.3432   3781.25
-80.0012   3812.5
-80.3892   3843.75
-79.9718   3875
-80.7067   3906.25
-82.2178   3937.5
-82.5235   3968.75
-81.2124   4000
-81.1653   4031.25
-82.7116   4062.5
-82.6587   4093.75
-81.5122   4125
-81.5181   4156.25
-82.4235   4187.5
-82.9174   4218.75
-83.0527   4250
-83.0233   4281.25
-82.7293   4312.5
-82.0708   4343.75
-81.8474   4375
-82.8704   4406.25
-83.4289   4437.5
-82.9468   4468.75
-82.9233   4500
-84.2521   4531.25
-84.4108   4562.5
-83.5113   4593.75
-83.3643   4625
-84.0286   4656.25
-84.352   4687.5
-84.4461   4718.75
-84.5578   4750
-85.0752   4781.25
-85.0458   4812.5
-84.4226   4843.75
-84.8224   4875
-86.0688   4906.25
-86.063   4937.5
-84.4931   4968.75
-84.4402   5000
-85.7749   5031.25
-86.3981   5062.5
-86.6685   5093.75
-86.2864   5125
-85.7631   5156.25
-85.5279   5187.5
-85.1693   5218.75
-86.157   5250
-86.7038   5281.25
-85.6337   5312.5
-85.3457   5343.75
-87.0389   5375
-87.9209   5406.25
-86.598   5437.5
-86.3569   5468.75
-87.5093   5500
-87.2271   5531.25
-85.4221   5562.5
-85.5632   5593.75
-86.8978   5625
-86.8861   5656.25
-86.8684   5687.5
-86.5745   5718.75
-85.8219   5750
-84.9811   5781.25
-83.4936   5812.5
-84.8047   5843.75
-87.8974   5875
-88.7264   5906.25
-88.5441   5937.5
-89.3437   5968.75
-89.0262   6000
-86.6039   6031.25
-84.9929   6062.5
-85.5044   6093.75
-86.1805   6125
-86.351   6156.25
-85.7866   6187.5
-85.1987   6218.75
-84.987   6250
-85.034   6281.25
-85.5985   6312.5
-87.5034   6343.75
-88.209   6375
-87.2153   6406.25
-87.5681   6437.5
-89.3672   6468.75
-86.6979   6500
-83.8229   6531.25
-84.599   6562.5
-85.9924   6593.75
-85.8689   6625
-85.4632   6656.25
-85.7455   6687.5
-84.8929   6718.75
-84.6754   6750
-84.3344   6781.25
-86.01   6812.5
-87.0507   6843.75
-86.3746   6875
-86.3099   6906.25
-89.0909   6937.5
-89.4378   6968.75
-85.5162   7000
-84.6519   7031.25
-85.8395   7062.5
-86.2864   7093.75
-86.404   7125
-85.4985   7156.25
-84.0286   7187.5
-83.7347   7218.75
-83.2526   7250
-84.0169   7281.25
-85.9277   7312.5
-87.5387   7343.75
-88.3207   7375
-90.1198   7406.25
-90.4667   7437.5
-85.5926   7468.75
-82.9645   7500
-83.8464   7531.25
-85.3045   7562.5
-87.5505   7593.75
-87.4682   7625
-84.9458   7656.25
-83.6347   7687.5
-82.6117   7718.75
-82.8057   7750
-86.351   7781.25
-88.8616   7812.5
-90.108   7843.75
-91.0899   7875
-91.1487   7906.25
-86.7156   7937.5
-82.888   7968.75
-83.4936   8000
-84.9635   8031.25
-86.8038   8062.5
-90.1022   8093.75
-87.0154   8125
-84.6225   8156.25
-83.4936   8187.5
-81.9826   8218.75
-84.599   8250
-89.7964   8281.25
-89.5377   8312.5
-87.7327   8343.75
-88.2619   8375
-87.8327   8406.25
-84.4579   8437.5
-83.0644   8468.75
-83.6935   8500
-84.0874   8531.25
-83.2761   8562.5
-83.5994   8593.75
-86.0747   8625
-87.2447   8656.25
-87.6739   8687.5
-89.3261   8718.75
-91.7425   8750
-85.0987   8781.25
-80.9772   8812.5
-82.4412   8843.75
-86.7038   8875
-89.5612   8906.25
-90.0022   8937.5
-87.8797   8968.75
-85.8337   9000
-83.2937   9031.25
-81.9179   9062.5
-85.1164   9093.75
-87.8562   9125
-83.2996   9156.25
-82.2001   9187.5
-86.6509   9218.75
-91.5779   9250
-91.6543   9281.25
-90.596   9312.5
-88.4618   9343.75
-84.9341   9375
-80.842   9406.25
-81.5181   9437.5
-86.4922   9468.75
-86.1629   9500
-82.7646   9531.25
-84.2579   9562.5
-90.208   9593.75
-92.6597   9625
-91.4662   9656.25
-91.231   9687.5
-88.2854   9718.75
-82.5353   9750
-80.4774   9781.25
-84.111   9812.5
-87.6622   9843.75
-81.9355   9875
-80.4951   9906.25
-84.987   9937.5
-91.8072   9968.75
-88.8969   10000
-88.356   10031.3
-91.6191   10062.5
-89.6259   10093.8
-85.2633   10125
-85.8513   10156.3
-89.8964   10187.5
-83.6641   10218.8
-79.1369   10250
-80.7303   10281.3
-86.792   10312.5
-81.2418   10343.8
-77.5847   10375
-80.0071   10406.3
-86.3099   10437.5
-81.4005   10468.8
-78.7371   10500
-82.1707   10531.3
-88.6205   10562.5
-83.4995   10593.8
-81.865   10625
-86.1276   10656.3
-90.4491   10687.5
-85.4985   10718.8
-84.7636   10750
-89.573   10781.3
-92.9596   10812.5
-88.9733   10843.8
-89.1673   10875
-93.7651   10906.3
-95.0409   10937.5
-92.2599   10968.8
-92.8302   11000
-95.1468   11031.3
-94.4765   11062.5
-93.4182   11093.8
-94.2178   11125
-94.6117   11156.3
-93.7651   11187.5
-93.5123   11218.8
-95.235   11250
-97.134   11281.3
-96.8753   11312.5
-96.5814   11343.8
-96.1345   11375
-95.7759   11406.3
-96.7519   11437.5
-97.3869   11468.8
-96.2815   11500
-95.0821   11531.3
-94.7293   11562.5
-95.6171   11593.8
-96.7695   11625
-96.0228   11656.3
-94.4353   11687.5
-94.2237   11718.8
-94.6705   11750
-95.2467   11781.3
-96.0287   11812.5
-96.2697   11843.8
-96.4814   11875
-97.5632   11906.3
-97.8631   11937.5
-96.9165   11968.8
-96.0052   12000
-95.5348   12031.3
-95.235   12062.5
-94.1237   12093.8
-93.8944   12125
-94.9233   12156.3
-95.476   12187.5
-96.646   12218.8
-97.4927   12250
-97.5338   12281.3
-97.0752   12312.5
-95.6583   12343.8
-95.8405   12375
-97.187   12406.3
-96.1698   12437.5
-94.4765   12468.8
