%01/22/2016 5:27 PM

-53.5023   0
-56.836   250
-67.4661   500
-79.6955   750
-78.8665   1000
-78.1433   1250
-76.6558   1500
-75.2623   1750
-75.2212   2000
-74.4921   2250
-73.1339   2500
-72.2579   2750
-71.4348   3000
-70.7822   3250
-71.1349   3500
-72.7577   3750
-74.9507   4000
-76.1913   4250
-77.2672   4500
-77.9963   4750
-78.2021   5000
-79.0546   5250
-79.5602   5500
-79.5073   5750
-79.5955   6000
-79.5838   6250
-79.3309   6500
-78.6372   6750
-78.5137   7000
-78.6195   7250
-78.5666   7500
-78.5196   7750
-78.8782   8000
-78.9017   8250
-78.4431   8500
-78.1139   8750
-77.9551   9000
-77.8669   9250
-77.6259   9500
-77.4025   9750
-77.0967   10000
-75.5681   10250
-75.2858   10500
-78.1256   10750
-82.8998   11000
-86.351   11250
-87.1977   11500
-86.7861   11750
-86.8332   12000
-86.9449   12250
-86.9978   12500
-87.1683   12750
-87.6739   13000
-88.403   13250
-88.7734   13500
-88.7028   13750
-88.9086   14000
-88.7675   14250
-88.5029   14500
-88.6617   14750
-89.0674   15000
-89.279   15250
-89.4084   15500
-89.5083   15750
-89.3319   16000
-89.1732   16250
-88.8851   16500
-88.697   16750
-88.8204   17000
-88.9615   17250
-88.9851   17500
-88.7381   17750
-88.7852   18000
-89.3202   18250
-89.5495   18500
-89.6377   18750
-89.9375   19000
-90.3197   19250
-90.4373   19500
-90.3491   19750
-90.502   20000
-90.937   20250
-91.0664   20500
-90.7548   20750
-90.7195   21000
-91.1957   21250
-91.9013   21500
-92.4128   21750
-92.5951   22000
-92.6303   22250
-92.4246   22500
-92.2658   22750
-92.1071   23000
-92.1953   23250
-92.6362   23500
-92.7244   23750
-92.4363   24000
-92.4834   24250
-92.7538   24500
-92.9949   24750
-93.2771   25000
-93.5005   25250
-93.2124   25500
-92.6362   25750
-92.6127   26000
-92.8479   26250
-92.9302   26500
-93.3241   26750
-93.8239   27000
-93.8298   27250
-93.2947   27500
-93.0948   27750
-92.9537   28000
-93.0184   28250
-93.7063   28500
-94.0532   28750
-94.0355   29000
-94.3824   29250
-93.8827   29500
-93.1713   29750
-93.1007   30000
-93.7239   30250
-94.2884   30500
-94.2178   30750
-94.1884   31000
-94.453   31250
-94.5941   31500
-94.5823   31750
-94.6059   32000
-94.7705   32250
-94.7352   32500
-94.6705   32750
-94.794   33000
-94.8058   33250
-94.8469   33500
-94.9057   33750
-94.4471   34000
-94.206   34250
-94.3472   34500
-94.5294   34750
-94.4412   35000
-94.5294   35250
-94.6646   35500
-94.7234   35750
-95.0703   36000
-95.1409   36250
-94.9998   36500
-94.9233   36750
-94.8175   37000
-94.794   37250
-95.0292   37500
-95.7347   37750
-96.0522   38000
-95.7347   38250
-94.8998   38500
-94.3354   38750
-94.8704   39000
-95.6583   39250
-95.5642   39500
-95.6112   39750
-95.7406   40000
-96.0816   40250
-96.3815   40500
-96.4226   40750
-96.3109   41000
-95.5936   41250
-95.5936   41500
-96.111   41750
-96.4932   42000
-96.5343   42250
-96.3697   42500
-96.3227   42750
-96.1639   43000
-95.9111   43250
-96.1874   43500
-96.5343   43750
-97.1458   44000
-97.0635   44250
-96.6578   44500
-96.893   44750
-96.7225   45000
-96.2521   45250
-96.3462   45500
-96.8459   45750
-97.1223   46000
-97.2751   46250
-97.2928   46500
-97.3516   46750
-97.528   47000
-97.4809   47250
-97.087   47500
-96.7519   47750
-97.0517   48000
-97.234   48250
-97.234   48500
-97.5574   48750
-97.6514   49000
-97.4398   49250
-97.7808   49500
-98.4275   49750
-98.2747   50000
-97.9042   50250
-97.916   50500
-97.9807   50750
-97.8631   51000
-97.5809   51250
-97.6749   51500
-98.0512   51750
-98.4628   52000
-98.6568   52250
-98.4158   52500
-98.4922   52750
-98.6745   53000
-98.404   53250
-97.9924   53500
-97.8631   53750
-98.3687   54000
-98.7921   54250
-98.8214   54500
-98.6274   54750
-98.1277   55000
-98.1335   55250
-98.4569   55500
-98.3217   55750
-97.5456   56000
-96.8401   56250
-97.3222   56500
-97.9513   56750
-98.0454   57000
-98.2511   57250
-98.745   57500
-99.3271   57750
-99.9386   58000
-99.915   58250
-99.4741   58500
-98.7979   58750
-98.6921   59000
-99.527   59250
-100.056   59500
-99.7269   59750
-99.3271   60000
-99.2565   60250
-99.2036   60500
-99.1742   60750
-99.0037   61000
-98.9861   61250
-99.4153   61500
-99.8327   61750
-99.9268   62000
-99.9444   62250
-99.8621   62500
-100.074   62750
-100.515   63000
-100.309   63250
-99.9797   63500
-99.8856   63750
-100.097   64000
-100.144   64250
-99.915   64500
-99.7269   64750
-99.6857   65000
-100.162   65250
-100.732   65500
-100.838   65750
-100.603   66000
-100.327   66250
-100.303   66500
-100.732   66750
-100.709   67000
-100.615   67250
-100.562   67500
-100.491   67750
-100.397   68000
-100.133   68250
-100.309   68500
-100.015   68750
-100.103   69000
-100.438   69250
-100.368   69500
-100.479   69750
-100.673   70000
-100.873   70250
-100.856   70500
-100.709   70750
-100.744   71000
-100.903   71250
-101.056   71500
-101.25   71750
-101.426   72000
-101.579   72250
-101.585   72500
-101.408   72750
-101.308   73000
-101.367   73250
-101.197   73500
-101.285   73750
-101.408   74000
-101.297   74250
-101.15   74500
-101.091   74750
-101.079   75000
-101.403   75250
-101.961   75500
-102.02   75750
-101.749   76000
-101.544   76250
-101.726   76500
-101.979   76750
-102.314   77000
-102.279   77250
-101.943   77500
-101.855   77750
-101.632   78000
-101.773   78250
-102.02   78500
-101.773   78750
-101.608   79000
-102.255   79250
-102.573   79500
-102.249   79750
-102.149   80000
-102.137   80250
-102.273   80500
-102.079   80750
-101.708   81000
-102.096   81250
-102.896   81500
-102.961   81750
-102.561   82000
-102.249   82250
-101.967   82500
-101.785   82750
-102.038   83000
-102.137   83250
-102.243   83500
-102.573   83750
-102.467   84000
-102.232   84250
-102.814   84500
-103.578   84750
-103.454   85000
-102.725   85250
-102.808   85500
-103.037   85750
-102.902   86000
-103.072   86250
-103.019   86500
-102.778   86750
-102.849   87000
-103.078   87250
-103.043   87500
-102.59   87750
-102.543   88000
-103.102   88250
-103.472   88500
-103.378   88750
-103.284   89000
-103.396   89250
-103.337   89500
-102.69   89750
-102.243   90000
-102.661   90250
-103.137   90500
-102.919   90750
-102.761   91000
-102.72   91250
-102.896   91500
-102.884   91750
-103.266   92000
-103.895   92250
-104.101   92500
-103.59   92750
-103.601   93000
-103.931   93250
-103.331   93500
-102.878   93750
-103.102   94000
-103.378   94250
-103.754   94500
-103.99   94750
-103.601   95000
-103.631   95250
-103.978   95500
-104.054   95750
-104.042   96000
-104.172   96250
-104.142   96500
-103.995   96750
-103.937   97000
-104.26   97250
-104.648   97500
-104.613   97750
-104.436   98000
-104.366   98250
-104.507   98500
-104.736   98750
-104.889   99000
-104.601   99250
-103.984   99500
-103.337   99750
