%01/22/2016 5:36 PM

-63.7326   0
-66.6959   31.25
-73.9277   62.5
-77.0791   93.75
-77.4613   125
-81.7356   156.25
-83.6818   187.5
-80.0541   218.75
-81.4064   250
-87.5916   281.25
-90.743   312.5
-87.9679   343.75
-87.9561   375
-90.3021   406.25
-89.9258   437.5
-89.232   468.75
-89.8611   500
-90.2727   531.25
-89.1673   562.5
-88.0502   593.75
-88.7734   625
-88.9851   656.25
-88.3736   687.5
-87.9032   718.75
-88.1737   750
-88.7264   781.25
-88.356   812.5
-87.5857   843.75
-87.2271   875
-86.892   906.25
-87.0037   937.5
-86.9037   968.75
-86.7979   1000
-87.0037   1031.25
-86.7509   1062.5
-86.0218   1093.75
-85.6984   1125
-85.575   1156.25
-84.8635   1187.5
-84.5166   1218.75
-84.7695   1250
-85.1399   1281.25
-84.6284   1312.5
-84.1051   1343.75
-83.2996   1375
-82.3471   1406.25
-81.8885   1437.5
-82.9409   1468.75
-83.0585   1500
-81.0595   1531.25
-80.8302   1562.5
-82.3354   1593.75
-82.0473   1625
-80.1776   1656.25
-80.3775   1687.5
-81.9591   1718.75
-81.5475   1750
-79.9777   1781.25
-80.5127   1812.5
-81.5534   1843.75
-81.5593   1875
-81.8062   1906.25
-82.3177   1937.5
-82.2707   1968.75
-81.5005   2000
-81.0948   2031.25
-81.5945   2062.5
-81.0654   2093.75
-80.1423   2125
-80.013   2156.25
-80.7009   2187.5
-80.4245   2218.75
-79.0958   2250
-79.2016   2281.25
-80.7773   2312.5
-80.2364   2343.75
-78.549   2375
-78.9311   2406.25
-80.8478   2437.5
-80.3657   2468.75
-78.8488   2500
-79.5367   2531.25
-80.7597   2562.5
-80.0365   2593.75
-79.131   2625
-80.0541   2656.25
-80.8596   2687.5
-80.7067   2718.75
-80.7185   2750
-80.7773   2781.25
-80.6597   2812.5
-80.8184   2843.75
-80.7949   2875
-80.5891   2906.25
-79.9836   2937.5
-78.8547   2968.75
-78.6783   3000
-79.2898   3031.25
-79.0076   3062.5
-77.9434   3093.75
-78.3549   3125
-79.6719   3156.25
-79.0958   3187.5
-77.8787   3218.75
-78.3138   3250
-79.1251   3281.25
-78.9664   3312.5
-78.7018   3343.75
-78.155   3375
-77.573   3406.25
-77.0497   3437.5
-76.9439   3468.75
-77.5671   3500
-78.402   3531.25
-77.7846   3562.5
-76.6793   3593.75
-77.179   3625
-77.7846   3656.25
-77.1379   3687.5
-76.6205   3718.75
-77.3025   3750
-78.3373   3781.25
-79.1957   3812.5
-78.937   3843.75
-78.5137   3875
-78.7371   3906.25
-77.9904   3937.5
-78.2373   3968.75
-79.3427   4000
-79.0546   4031.25
-78.0786   4062.5
-79.1839   4093.75
-81.0301   4125
-81.2476   4156.25
-81.2124   4187.5
-82.2236   4218.75
-82.7175   4250
-81.9826   4281.25
-82.0767   4312.5
-83.5994   4343.75
-82.6411   4375
-79.4779   4406.25
-79.131   4437.5
-82.3177   4468.75
-83.0527   4500
-81.5416   4531.25
-81.8944   4562.5
-83.2584   4593.75
-83.2232   4625
-82.8704   4656.25
-83.3701   4687.5
-84.305   4718.75
-82.5941   4750
-80.1658   4781.25
-81.6533   4812.5
-84.8812   4843.75
-84.1521   4875
-82.9115   4906.25
-84.4872   4937.5
-85.9454   4968.75
-84.4343   5000
-83.6053   5031.25
-85.034   5062.5
-84.4285   5093.75
-81.6533   5125
-81.4476   5156.25
-84.6813   5187.5
-85.6631   5218.75
-84.8459   5250
-85.5985   5281.25
-87.2212   5312.5
-85.6925   5343.75
-83.5348   5375
-84.4167   5406.25
-86.7215   5437.5
-85.3692   5468.75
-84.1286   5500
-85.9512   5531.25
-87.5211   5562.5
-84.793   5593.75
-83.5994   5625
-85.9983   5656.25
-88.3148   5687.5
-86.1629   5718.75
-85.1281   5750
-87.2212   5781.25
-88.5853   5812.5
-88.3266   5843.75
-88.5147   5875
-88.6852   5906.25
-86.7685   5937.5
-84.1815   5968.75
-84.5637   6000
-87.4035   6031.25
-86.2746   6062.5
-84.3638   6093.75
-85.8748   6125
-89.0321   6156.25
-87.6857   6187.5
-86.1041   6218.75
-87.9268   6250
-89.3672   6281.25
-87.3682   6312.5
-86.3334   6343.75
-88.0914   6375
-88.1972   6406.25
-84.2697   6437.5
-83.1467   6468.75
-86.157   6500
-87.8562   6531.25
-85.6044   6562.5
-85.7102   6593.75
-87.9914   6625
-87.2095   6656.25
-83.9522   6687.5
-83.8758   6718.75
-87.3329   6750
-88.1913   6781.25
-87.1507   6812.5
-87.9209   6843.75
-88.7616   6875
-85.087   6906.25
-82.2354   6937.5
-83.864   6968.75
-88.0208   7000
-86.9449   7031.25
-85.7925   7062.5
-88.0032   7093.75
-89.3143   7125
-84.8694   7156.25
-82.7704   7187.5
-85.7161   7218.75
-90.5608   7250
-89.3555   7281.25
-88.891   7312.5
-90.7313   7343.75
-87.6798   7375
-82.547   7406.25
-82.1119   7437.5
-86.5039   7468.75
-87.815   7500
-85.916   7531.25
-87.4975   7562.5
-90.1962   7593.75
-85.5573   7625
-81.8885   7656.25
-83.4525   7687.5
-89.3496   7718.75
-91.1899   7750
-90.696   7781.25
-92.0894   7812.5
-90.5137   7843.75
-84.4285   7875
-82.1531   7906.25
-85.2045   7937.5
-88.1854   7968.75
-84.6107   8000
-84.352   8031.25
-88.1443   8062.5
-87.574   8093.75
-82.8645   8125
-82.5941   8156.25
-87.3917   8187.5
-89.5612   8218.75
-85.3515   8250
-85.4221   8281.25
-89.1497   8312.5
-85.9983   8343.75
-82.8057   8375
-84.4872   8406.25
-88.1267   8437.5
-82.888   8468.75
-79.8307   8500
-82.2295   8531.25
-88.9557   8562.5
-90.3373   8593.75
-90.355   8625
-92.5363   8656.25
-88.8969   8687.5
-81.9885   8718.75
-80.0894   8750
-83.9111   8781.25
-86.598   8812.5
-82.7587   8843.75
-83.1114   8875
-87.8621   8906.25
-87.1448   8937.5
-82.988   8968.75
-83.7582   9000
-88.8263   9031.25
-85.5985   9062.5
-80.9066   9093.75
-81.8238   9125
-87.4623   9156.25
-86.8802   9187.5
-85.0164   9218.75
-87.6034   9250
-88.9263   9281.25
-82.5117   9312.5
-79.866   9343.75
-82.841   9375
-87.9503   9406.25
-82.7352   9437.5
-80.6773   9468.75
-84.4343   9500
-90.355   9531.25
-88.1737   9562.5
-88.2384   9593.75
-90.99   9625
-86.2687   9656.25
-81.083   9687.5
-81.3064   9718.75
-86.7803   9750
-84.2873   9781.25
-79.1604   9812.5
-79.8895   9843.75
-86.2511   9875
-87.4152   9906.25
-83.9111   9937.5
-85.4515   9968.75
-90.2668   10000
-87.4035   10031.3
-85.0105   10062.5
-87.6093   10093.8
-88.256   10125
-80.9125   10156.3
-78.549   10187.5
-82.0943   10218.8
-85.0164   10250
-78.3667   10281.3
-76.8968   10312.5
-81.5005   10343.8
-84.3638   10375
-78.596   10406.3
-78.155   10437.5
-83.5759   10468.8
-85.2869   10500
-80.3246   10531.3
-80.842   10562.5
-86.8802   10593.8
-87.233   10625
-83.2996   10656.3
-84.7459   10687.5
-90.7136   10718.8
-89.5201   10750
-86.5921   10781.3
-88.8616   10812.5
-93.2359   10843.8
-91.0899   10875
-89.9787   10906.3
-92.5657   10937.5
-93.2536   10968.8
-91.137   11000
-91.6367   11031.3
-94.6705   11062.5
-95.4878   11093.8
-94.1414   11125
-94.8646   11156.3
-96.4285   11187.5
-95.3525   11218.8
-94.1825   11250
-94.7352   11281.3
-94.8587   11312.5
-92.3011   11343.8
-91.1605   11375
-93.43   11406.3
-94.9527   11437.5
-93.183   11468.8
-93.3241   11500
-95.9875   11531.3
-96.1228   11562.5
-93.7827   11593.8
-93.6769   11625
-95.6759   11656.3
-95.5642   11687.5
-93.6593   11718.8
-93.8415   11750
-95.5583   11781.3
-94.7176   11812.5
-93.865   11843.8
-95.4995   11875
-96.111   11906.3
-93.33   11937.5
-91.8601   11968.8
-93.6299   12000
-96.064   12031.3
-95.3232   12062.5
-95.0468   12093.8
-96.7813   12125
-97.5985   12156.3
-96.452   12187.5
-95.9581   12218.8
-96.4167   12250
-95.2408   12281.3
-92.942   12312.5
-93.1301   12343.8
-95.235   12375
-95.0468   12406.3
-93.7827   12437.5
-94.7176   12468.8
