%01/22/2016 5:36 PM

-61.2926   0
-64.4441   250
-73.5867   500
-79.378   750
-78.2021   1000
-76.8968   1250
-75.4328   1500
-74.304   1750
-73.6925   2000
-72.8047   2250
-72.6577   2500
-72.4931   2750
-71.1173   3000
-70.3823   3250
-70.0707   3500
-70.5352   3750
-72.1286   4000
-73.863   4250
-74.7802   4500
-75.5563   4750
-76.5676   5000
-77.2437   5250
-77.814   5500
-77.9551   5750
-78.3549   6000
-78.9017   6250
-79.1193   6500
-79.0664   6750
-78.2903   7000
-78.061   7250
-78.6665   7500
-78.6313   7750
-77.9845   8000
-77.6964   8250
-77.0967   8500
-77.1026   8750
-77.4965   9000
-76.9086   9250
-76.7204   9500
-76.5793   9750
-75.8268   10000
-74.0629   10250
-74.2628   10500
-77.7258   10750
-82.6705   11000
-85.5691   11250
-86.3687   11500
-87.2271   11750
-87.9326   12000
-88.4677   12250
-88.5088   12500
-88.3853   12750
-88.1913   13000
-88.4853   13250
-88.8322   13500
-88.891   13750
-89.1497   14000
-89.2614   14250
-89.526   14500
-89.5789   14750
-89.8611   15000
-89.9905   15250
-89.2614   15500
-88.55   15750
-88.8028   16000
-89.2379   16250
-89.2555   16500
-89.4731   16750
-89.4554   17000
-89.0027   17250
-89.1379   17500
-89.4848   17750
-89.914   18000
-90.502   18250
-90.9606   18500
-91.1546   18750
-91.3075   19000
-91.5485   19250
-91.7955   19500
-92.0718   19750
-92.6774   20000
-93.1066   20250
-93.4829   20500
-93.1242   20750
-92.9537   21000
-93.3065   21250
-94.3001   21500
-94.7764   21750
-94.8528   22000
-95.0703   22250
-95.235   22500
-95.3467   22750
-95.5113   23000
-95.8464   23250
-95.9817   23500
-96.1051   23750
-96.405   24000
-96.3932   24250
-96.0228   24500
-95.7935   24750
-96.0346   25000
-96.3638   25250
-96.3697   25500
-96.0463   25750
-95.8817   26000
-96.1757   26250
-96.4755   26500
-96.5872   26750
-96.7107   27000
-96.7871   27250
-96.2815   27500
-96.3344   27750
-96.5696   28000
-96.4873   28250
-96.5931   28500
-96.746   28750
-96.8401   29000
-97.0752   29250
-97.5456   29500
-97.3222   29750
-97.1046   30000
-97.2693   30250
-97.4398   30500
-97.3339   30750
-97.2457   31000
-97.575   31250
-97.5691   31500
-97.3751   31750
-97.6103   32000
-97.9513   32250
-97.6867   32500
-97.3692   32750
-97.4398   33000
-97.6808   33250
-97.5632   33500
-97.6455   33750
-97.6867   34000
-97.8043   34250
-98.0277   34500
-97.869   34750
-97.1517   35000
-96.7048   35250
-97.0341   35500
-98.0454   35750
-98.3629   36000
-98.1747   36250
-97.8572   36500
-97.8455   36750
-97.8807   37000
-97.6397   37250
-97.8043   37500
-98.7568   37750
-99.1095   38000
-98.6862   38250
-97.9748   38500
-96.6108   38750
-96.8459   39000
-98.2511   39250
-98.3687   39500
-98.1747   39750
-98.3099   40000
-98.7215   40250
-98.7744   40500
-98.939   40750
-98.7156   41000
-98.2041   41250
-98.063   41500
-98.0336   41750
-97.9395   42000
-98.3217   42250
-98.6157   42500
-98.5569   42750
-98.551   43000
-98.7215   43250
-99.1037   43500
-98.8391   43750
-98.7803   44000
-98.8214   44250
-98.6803   44500
-98.6098   44750
-98.6333   45000
-98.698   45250
-98.6215   45500
-98.4863   45750
-98.5098   46000
-98.8038   46250
-99.1095   46500
-99.086   46750
-99.039   47000
-99.1448   47250
-99.3094   47500
-99.2683   47750
-99.1683   48000
-99.3388   48250
-99.1272   48500
-98.7979   48750
-98.7627   49000
-98.5275   49250
-98.698   49500
-99.0919   49750
-99.1507   50000
-99.1389   50250
-99.2624   50500
-99.2271   50750
-99.4329   51000
-99.5681   51250
-99.3859   51500
-99.5564   51750
-99.768   52000
-99.721   52250
-99.7916   52500
-100.015   52750
-99.8974   53000
-100.156   53250
-99.8386   53500
-99.4388   53750
-99.674   54000
-99.6387   54250
-99.2565   54500
-99.1977   54750
-98.3922   55000
-98.4452   55250
-99.4035   55500
-99.1095   55750
-98.11   56000
-97.1164   56250
-97.5691   56500
-98.3217   56750
-98.6098   57000
-98.7685   57250
-98.8567   57500
-99.2213   57750
-99.7034   58000
-99.9033   58250
-100.238   58500
-100.28   58750
-99.721   59000
-99.527   59250
-99.821   59500
-100.015   59750
-100.227   60000
-100.415   60250
-100.638   60500
-100.632   60750
-100.227   61000
-100.215   61250
-100.08   61500
-99.9973   61750
-100.033   62000
-99.8445   62250
-99.5917   62500
-99.8562   62750
-100.456   63000
-100.291   63250
-99.8092   63500
-99.7093   63750
-100.027   64000
-100.109   64250
-100.033   64500
-100.08   64750
-100.133   65000
-100.285   65250
-100.362   65500
-100.385   65750
-100.233   66000
-100.109   66250
-100.197   66500
-99.9915   66750
-99.7445   67000
-99.821   67250
-100.003   67500
-100.391   67750
-100.779   68000
-100.738   68250
-100.444   68500
-100.421   68750
-100.25   69000
-100.574   69250
-100.656   69500
-100.438   69750
-100.18   70000
-100.732   70250
-101.038   70500
-100.85   70750
-100.868   71000
-100.65   71250
-100.497   71500
-100.374   71750
-100.138   72000
-100.097   72250
-100.086   72500
-100.374   72750
-101.026   73000
-101.161   73250
-101.103   73500
-101.097   73750
-100.697   74000
-100.403   74250
-100.215   74500
-100.297   74750
-100.732   75000
-100.897   75250
-100.82   75500
-100.626   75750
-100.726   76000
-101.25   76250
-101.161   76500
-100.897   76750
-100.738   77000
-100.885   77250
-101.167   77500
-100.92   77750
-100.779   78000
-101.132   78250
-101.702   78500
-101.014   78750
-100.344   79000
-100.462   79250
-100.926   79500
-101.161   79750
-101.356   80000
-101.209   80250
-100.485   80500
-100.462   80750
-100.915   81000
-101.05   81250
-101.173   81500
-101.05   81750
-100.826   82000
-101.103   82250
-101.126   82500
-101.014   82750
-101.144   83000
-101.044   83250
-101.02   83500
-100.591   83750
-100.221   84000
-100.679   84250
-101.226   84500
-101.626   84750
-101.473   85000
-101.32   85250
-101.455   85500
-101.626   85750
-101.844   86000
-101.967   86250
-102.114   86500
-101.885   86750
-101.508   87000
-101.308   87250
-101.085   87500
-101.332   87750
-101.45   88000
-101.379   88250
-101.285   88500
-101.132   88750
-101.479   89000
-101.655   89250
-101.197   89500
-101.326   89750
-101.661   90000
-101.52   90250
-101.367   90500
-101.403   90750
-101.408   91000
-101.45   91250
-101.303   91500
-101.279   91750
-101.209   92000
-101.426   92250
-101.626   92500
-101.485   92750
-101.291   93000
-101.438   93250
-101.561   93500
-101.773   93750
-102.049   94000
-101.955   94250
-101.844   94500
-101.732   94750
-101.685   95000
-101.738   95250
-101.943   95500
-101.685   95750
-101.526   96000
-101.561   96250
-101.632   96500
-101.338   96750
-101.579   97000
-102.32   97250
-102.061   97500
-101.579   97750
-101.45   98000
-101.649   98250
-101.626   98500
-101.761   98750
-102.014   99000
-101.861   99250
-101.902   99500
-101.979   99750
