%01/22/2016 5:25 PM

-58.3647   0
-61.6631   250
-71.9522   500
-81.1947   750
-79.5191   1000
-77.6553   1250
-76.497   1500
-75.815   1750
-75.3035   2000
-74.6685   2250
-73.8454   2500
-73.0693   2750
-72.499   3000
-72.0639   3250
-71.6758   3500
-72.0462   3750
-73.1398   4000
-74.4862   4250
-75.4799   4500
-76.6264   4750
-78.2197   5000
-79.5308   5250
-80.4657   5500
-80.5597   5750
-80.3775   6000
-80.107   6250
-79.9718   6500
-79.8013   6750
-79.425   7000
-79.1134   7250
-79.0076   7500
-78.9076   7750
-79.2369   8000
-79.3251   8250
-79.3721   8500
-79.2957   8750
-79.0546   9000
-78.6665   9250
-77.9904   9500
-77.4613   9750
-76.8439   10000
-75.133   10250
-75.4975   10500
-79.1075   10750
-84.4872   11000
-88.1972   11250
-89.5083   11500
-89.8729   11750
-89.6142   12000
-89.279   12250
-88.8498   12500
-87.8738   12750
-87.38   13000
-87.3506   13250
-87.6798   13500
-88.0149   13750
-88.5206   14000
-89.0203   14250
-89.5906   14500
-90.3903   14750
-90.9547   15000
-91.0899   15250
-91.1899   15500
-90.5666   15750
-90.0492   16000
-90.3373   16250
-90.1904   16500
-89.6906   16750
-89.6965   17000
-89.9434   17250
-89.9552   17500
-90.0963   17750
-90.7724   18000
-91.2839   18250
-91.8366   18500
-92.3422   18750
-92.1953   19000
-92.16   19250
-92.7773   19500
-93.6534   19750
-94.0003   20000
-94.0414   20250
-94.4471   20500
-94.3824   20750
-94.1473   21000
-94.6823   21250
-95.5583   21500
-96.0757   21750
-96.0228   22000
-96.405   22250
-96.893   22500
-96.7695   22750
-96.1639   23000
-96.0875   23250
-96.2051   23500
-96.1051   23750
-96.4285   24000
-96.3285   24250
-96.0287   24500
-95.9464   24750
-96.2286   25000
-96.8577   25250
-96.9341   25500
-96.9341   25750
-96.8165   26000
-96.4285   26250
-96.6519   26500
-96.9988   26750
-96.7225   27000
-96.7342   27250
-96.7636   27500
-96.7695   27750
-96.9224   28000
-97.2281   28250
-97.187   28500
-97.1399   28750
-97.6573   29000
-97.8925   29250
-97.8219   29500
-97.4809   29750
-97.0752   30000
-97.2869   30250
-97.7573   30500
-98.063   30750
-98.2335   31000
-98.3922   31250
-98.2688   31500
-97.9336   31750
-98.0336   32000
-98.3922   32250
-98.1923   32500
-97.7455   32750
-97.7337   33000
-98.0806   33250
-98.745   33500
-98.5804   33750
-98.1747   34000
-97.6926   34250
-97.4339   34500
-97.2105   34750
-97.1752   35000
-96.9106   35250
-97.1928   35500
-98.0571   35750
-98.2453   36000
-97.7925   36250
-97.4515   36500
-97.3751   36750
-97.528   37000
-97.7161   37250
-97.8513   37500
-98.0983   37750
-98.451   38000
-98.4804   38250
-97.7867   38500
-96.6166   38750
-96.6696   39000
-97.4927   39250
-97.722   39500
-97.9336   39750
-98.0454   40000
-98.1042   40250
-98.2217   40500
-98.4922   40750
-98.2688   41000
-97.3222   41250
-97.3398   41500
-98.2511   41750
-98.5745   42000
-98.2982   42250
-98.3158   42500
-98.5628   42750
-98.5392   43000
-98.0983   43250
-98.1277   43500
-98.3393   43750
-98.4393   44000
-98.1982   44250
-98.0806   44500
-98.6333   44750
-98.8626   45000
-98.8979   45250
-98.6333   45500
-98.504   45750
-98.6157   46000
-98.4981   46250
-98.3393   46500
-98.5628   46750
-98.4569   47000
-98.3217   47250
-98.3452   47500
-98.1982   47750
-98.3922   48000
-98.7333   48250
-98.4393   48500
-98.1218   48750
-98.5216   49000
-99.0037   49250
-99.1683   49500
-99.1566   49750
-98.598   50000
-98.2394   50250
-98.7509   50500
-99.4094   50750
-99.1389   51000
-99.0684   51250
-99.1272   51500
-98.9155   51750
-98.6451   52000
-98.1394   52250
-98.0983   52500
-98.4981   52750
-99.1977   53000
-99.2507   53250
-98.6039   53500
-98.404   53750
-98.5275   54000
-98.4334   54250
-98.2982   54500
-98.3511   54750
-98.0806   55000
-97.8631   55250
-98.2923   55500
-98.4922   55750
-97.9454   56000
-96.8753   56250
-96.7342   56500
-97.3633   56750
-98.3217   57000
-98.9038   57250
-98.9626   57500
-99.0801   57750
-98.9038   58000
-98.7215   58250
-98.5098   58500
-98.3629   58750
-98.5392   59000
-98.7803   59250
-98.9802   59500
-99.4153   59750
-99.0508   60000
-98.5863   60250
-98.845   60500
-98.9978   60750
-98.992   61000
-98.9449   61250
-99.086   61500
-99.5681   61750
-99.5917   62000
-99.1919   62250
-99.0919   62500
-99.4388   62750
-99.5211   63000
-99.1977   63250
-99.2213   63500
-99.4035   63750
-99.3447   64000
-99.3388   64250
-99.1507   64500
-98.9449   64750
-98.7333   65000
-98.8332   65250
-99.2507   65500
-99.5564   65750
-99.527   66000
-99.1448   66250
-99.1742   66500
-99.1389   66750
-98.8567   67000
-98.8626   67250
-99.2918   67500
-99.186   67750
-98.8156   68000
-99.4388   68250
-99.9973   68500
-99.4976   68750
-98.9802   69000
-98.7803   69250
-98.7862   69500
-99.1801   69750
-99.427   70000
-99.3624   70250
-99.5505   70500
-99.6093   70750
-99.3506   71000
-99.2918   71250
-99.2683   71500
-99.4741   71750
-99.2918   72000
-99.0096   72250
-98.8156   72500
-98.8214   72750
-98.9155   73000
-99.1507   73250
-99.4858   73500
-99.5623   73750
-99.4094   74000
-99.2271   74250
-99.1507   74500
-99.0508   74750
-98.7979   75000
-99.2918   75250
-99.9444   75500
-100.044   75750
-99.6446   76000
-99.8327   76250
-100.221   76500
-100.086   76750
-99.8798   77000
-100.103   77250
-99.8562   77500
-99.427   77750
-99.6857   78000
-99.3447   78250
-99.3212   78500
-99.48   78750
-99.6034   79000
-99.6916   79250
-99.3212   79500
-99.427   79750
-99.4153   80000
-99.3682   80250
-99.5093   80500
-99.8562   80750
-99.7974   81000
-99.6328   81250
-99.4212   81500
-99.0037   81750
-98.939   82000
-99.1566   82250
-99.3506   82500
-99.6328   82750
-99.5975   83000
-99.5211   83250
-99.8739   83500
-99.8327   83750
-99.7328   84000
-99.768   84250
-99.6152   84500
-99.186   84750
-99.0214   85000
-99.2271   85250
-99.3859   85500
-99.427   85750
-99.4623   86000
-99.2624   86250
-99.2448   86500
-99.4741   86750
-99.7445   87000
-99.8033   87250
-99.6799   87500
-99.574   87750
-99.768   88000
-100.056   88250
-100.027   88500
-99.7739   88750
-99.9033   89000
-100.321   89250
-100.35   89500
-100.039   89750
-99.9327   90000
-99.5917   90250
-99.4447   90500
-99.6622   90750
-99.5681   91000
-99.4329   91250
-99.915   91500
-100.185   91750
-100.203   92000
-100.162   92250
-99.7563   92500
-99.6446   92750
-99.6975   93000
-99.5152   93250
-99.5505   93500
-99.6563   93750
-99.6446   94000
-99.3153   94250
-99.233   94500
-99.5446   94750
-99.7445   95000
-100.068   95250
-100.291   95500
-100.568   95750
-100.597   96000
-100.256   96250
-100.056   96500
-99.9915   96750
-99.8386   97000
-99.7445   97250
-99.9386   97500
-100.244   97750
-100.327   98000
-100.25   98250
-99.8856   98500
-99.6857   98750
-99.9856   99000
-100.203   99250
-99.9268   99500
-99.7739   99750
