%01/22/2016 5:24 PM

-68.2422   0
-71.0761   31.25
-78.2667   62.5
-82.5117   93.75
-83.035   125
-87.6387   156.25
-90.502   187.5
-86.3863   218.75
-87.3682   250
-93.2124   281.25
-95.8464   312.5
-91.7367   343.75
-91.672   375
-95.4231   406.25
-96.1698   437.5
-95.77   468.75
-95.9229   500
-95.5936   531.25
-94.1767   562.5
-93.3182   593.75
-94.0591   625
-93.9944   656.25
-93.7004   687.5
-93.9473   718.75
-93.5711   750
-93.1066   781.25
-93.2124   812.5
-92.9008   843.75
-92.1953   875
-92.1717   906.25
-92.0248   937.5
-91.4192   968.75
-91.3016   1000
-91.4721   1031.25
-91.7014   1062.5
-90.7195   1093.75
-89.6259   1125
-90.0375   1156.25
-90.8783   1187.5
-90.549   1218.75
-89.4966   1250
-88.7852   1281.25
-88.3207   1312.5
-88.6205   1343.75
-88.2031   1375
-87.2506   1406.25
-87.1742   1437.5
-88.209   1468.75
-87.8209   1500
-86.5921   1531.25
-87.3447   1562.5
-88.5323   1593.75
-87.2741   1625
-86.2041   1656.25
-86.7861   1687.5
-86.9743   1718.75
-86.5157   1750
-86.8214   1781.25
-87.5093   1812.5
-87.2506   1843.75
-86.8214   1875
-86.5509   1906.25
-87.1507   1937.5
-87.3564   1968.75
-87.3682   2000
-87.2918   2031.25
-87.1036   2062.5
-86.3452   2093.75
-85.5573   2125
-86.0394   2156.25
-86.6391   2187.5
-85.7631   2218.75
-84.7283   2250
-85.1516   2281.25
-86.01   2312.5
-85.2222   2343.75
-84.0522   2375
-85.0282   2406.25
-86.1335   2437.5
-84.0286   2468.75
-82.5529   2500
-83.9816   2531.25
-85.5162   2562.5
-84.6401   2593.75
-84.1227   2625
-85.4868   2656.25
-85.7984   2687.5
-85.3927   2718.75
-85.4397   2750
-86.1276   2781.25
-86.1688   2812.5
-85.3163   2843.75
-85.1458   2875
-85.7513   2906.25
-84.987   2937.5
-82.9468   2968.75
-83.0703   3000
-84.8341   3031.25
-83.8875   3062.5
-81.9238   3093.75
-82.8527   3125
-84.8459   3156.25
-83.7406   3187.5
-82.2119   3218.75
-83.0527   3250
-84.2638   3281.25
-83.9052   3312.5
-83.4819   3343.75
-83.5877   3375
-83.7523   3406.25
-82.3765   3437.5
-81.2888   3468.75
-82.2295   3500
-83.1173   3531.25
-81.3946   3562.5
-80.8067   3593.75
-82.6352   3625
-83.2702   3656.25
-82.1766   3687.5
-82.1119   3718.75
-83.0821   3750
-83.7229   3781.25
-84.3109   3812.5
-84.5696   3843.75
-84.3579   3875
-83.623   3906.25
-82.5235   3937.5
-83.6935   3968.75
-85.3868   4000
-84.4872   4031.25
-83.1644   4062.5
-84.7636   4093.75
-86.5451   4125
-86.5098   4156.25
-87.0566   4187.5
-87.962   4218.75
-87.1742   4250
-85.5514   4281.25
-86.0394   4312.5
-88.2854   4343.75
-86.9743   4375
-84.1874   4406.25
-84.5284   4437.5
-87.768   4468.75
-88.4383   4500
-87.6857   4531.25
-88.2266   4562.5
-89.2085   4593.75
-88.7969   4625
-87.6328   4656.25
-88.2972   4687.5
-89.2144   4718.75
-86.9331   4750
-85.0399   4781.25
-86.9566   4812.5
-89.7964   4843.75
-89.2438   4875
-88.8851   4906.25
-90.5196   4937.5
-91.0194   4968.75
-89.914   5000
-89.6553   5031.25
-90.6901   5062.5
-89.9611   5093.75
-88.403   5125
-88.791   5156.25
-90.5725   5187.5
-89.8552   5218.75
-89.4554   5250
-90.9077   5281.25
-91.4486   5312.5
-90.7724   5343.75
-90.7724   5375
-91.9483   5406.25
-92.8538   5437.5
-92.8244   5468.75
-93.5358   5500
-93.5534   5531.25
-91.8249   5562.5
-90.2491   5593.75
-90.6666   5625
-92.2599   5656.25
-91.8013   5687.5
-90.6842   5718.75
-91.4956   5750
-92.989   5781.25
-92.401   5812.5
-91.1957   5843.75
-91.8013   5875
-93.0654   5906.25
-92.5069   5937.5
-91.8601   5968.75
-92.5304   6000
-92.7185   6031.25
-90.6254   6062.5
-89.8141   6093.75
-92.06   6125
-92.401   6156.25
-89.4319   6187.5
-89.1026   6218.75
-92.1423   6250
-93.4652   6281.25
-91.0546   6312.5
-91.0664   6343.75
-93.671   6375
-94.4001   6406.25
-92.2129   6437.5
-91.2193   6468.75
-92.3834   6500
-90.6725   6531.25
-88.4383   6562.5
-89.6377   6593.75
-92.0189   6625
-89.6494   6656.25
-87.3682   6687.5
-88.9439   6718.75
-92.3716   6750
-91.4486   6781.25
-90.1257   6812.5
-91.6014   6843.75
-93.2947   6875
-90.7313   6906.25
-88.3442   6937.5
-89.867   6968.75
-91.8543   7000
-89.2144   7031.25
-89.1673   7062.5
-92.3129   7093.75
-91.1017   7125
-86.939   7156.25
-86.5862   7187.5
-90.502   7218.75
-93.4829   7250
-92.7127   7281.25
-93.7357   7312.5
-95.2526   7343.75
-92.5833   7375
-88.4618   7406.25
-88.5441   7437.5
-91.6367   7468.75
-89.1908   7500
-87.7739   7531.25
-90.4961   7562.5
-92.4187   7593.75
-88.3442   7625
-86.4922   7656.25
-89.0909   7687.5
-93.9767   7718.75
-93.918   7750
-93.0948   7781.25
-94.9057   7812.5
-93.9944   7843.75
-88.7264   7875
-87.4388   7906.25
-90.8371   7937.5
-90.9841   7968.75
-87.3153   8000
-87.8621   8031.25
-92.0835   8062.5
-91.5897   8093.75
-87.9209   8125
-88.4383   8156.25
-93.3182   8187.5
-93.5005   8218.75
-89.3202   8250
-89.7082   8281.25
-93.9415   8312.5
-91.3427   8343.75
-89.185   8375
-91.6132   8406.25
-93.4652   8437.5
-87.9268   8468.75
-85.4691   8500
-88.3207   8531.25
-94.4941   8562.5
-94.3883   8593.75
-94.8058   8625
-97.0929   8656.25
-94.3119   8687.5
-87.8386   8718.75
-86.1276   8750
-90.0434   8781.25
-92.5833   8812.5
-88.891   8843.75
-89.1085   8875
-93.2359   8906.25
-91.8249   8937.5
-88.697   8968.75
-89.9611   9000
-95.0468   9031.25
-90.4961   9062.5
-85.5985   9093.75
-86.7038   9125
-93.4652   9156.25
-96.7871   9187.5
-95.4055   9218.75
-96.6225   9250
-94.8175   9281.25
-88.1502   9312.5
-85.5926   9343.75
-88.6676   9375
-92.4775   9406.25
-86.7861   9437.5
-85.0576   9468.75
-89.2026   9500
-96.7225   9531.25
-96.1228   9562.5
-95.5642   9593.75
-97.5397   9625
-92.5657   9656.25
-87.0213   9687.5
-86.9978   9718.75
-91.9366   9750
-88.6147   9781.25
-83.7758   9812.5
-84.7283   9843.75
-91.3956   9875
-91.9777   9906.25
-88.2325   9937.5
-90.0434   9968.75
-95.9699   10000
-93.9415   10031.3
-91.6837   10062.5
-94.2648   10093.8
-94.012   10125
-86.0277   10156.3
-83.57   10187.5
-87.2624   10218.8
-89.9552   10250
-83.1761   10281.3
-81.7474   10312.5
-86.4569   10343.8
-89.379   10375
-83.2526   10406.3
-82.7116   10437.5
-88.2266   10468.8
-90.2785   10500
-84.9694   10531.3
-85.4162   10562.5
-91.719   10593.8
-92.2011   10625
-87.9855   10656.3
-89.4319   10687.5
-95.5466   10718.8
-94.3413   10750
-91.3075   10781.3
-93.624   10812.5
-99.1683   10843.8
-97.3516   10875
-95.5054   10906.3
-97.7337   10937.5
-99.5564   10968.8
-98.4687   11000
-98.7097   11031.3
-100.409   11062.5
-100.05   11093.8
-99.5975   11125
-99.9444   11156.3
-99.9738   11187.5
-99.7093   11218.8
-99.674   11250
-100.621   11281.3
-101.303   11312.5
-99.8504   11343.8
-99.2271   11375
-100.268   11406.3
-99.9503   11437.5
-99.3447   11468.8
-100.115   11500
-100.85   11531.3
-100.174   11562.5
-99.1742   11593.8
-99.6799   11625
-100.597   11656.3
-100.785   11687.5
-100.873   11718.8
-101.367   11750
-101.285   11781.3
-100.409   11812.5
-100.221   11843.8
-101.026   11875
-100.656   11906.3
-99.7445   11937.5
-100.074   11968.8
-101.738   12000
-101.814   12031.3
-100.274   12062.5
-100.144   12093.8
-100.579   12125
-99.2859   12156.3
-98.2217   12187.5
-99.1919   12218.8
-100.38   12250
-99.3565   12281.3
-98.9626   12312.5
-100.197   12343.8
-101.338   12375
-100.544   12406.3
-99.527   12437.5
-100.185   12468.8
