%01/22/2016 4:34 PM

-44.7889   0
-47.905   250
-55.3308   500
-56.8713   750
-56.1011   1000
-55.4073   1250
-55.0663   1500
-54.8135   1750
-54.5665   2000
-54.2431   2250
-53.5258   2500
-52.8967   2750
-52.6674   3000
-52.5498   3250
-52.4734   3500
-52.8144   3750
-53.2201   4000
-52.9497   4250
-52.3323   4500
-52.0854   4750
-52.3911   5000
-52.5616   5250
-52.7968   5500
-53.1731   5750
-53.42   6000
-53.5552   6250
-53.3142   6500
-53.1319   6750
-53.5611   7000
-54.2373   7250
-54.349   7500
-54.1961   7750
-54.2079   8000
-54.1138   8250
-54.1255   8500
-54.249   8750
-54.1902   9000
-53.8845   9250
-54.1785   9500
-54.9898   9750
-55.1368   10000
-54.784   10250
-55.0134   10500
-55.5719   10750
-55.86   11000
-56.0364   11250
-55.9658   11500
-56.1246   11750
-56.3245   12000
-56.4891   12250
-56.5126   12500
-56.5009   12750
-56.5361   13000
-56.8242   13250
-57.1065   13500
-57.1417   13750
-57.3064   14000
-57.6474   14250
-57.9884   14500
-57.7767   14750
-57.4239   15000
-57.4651   15250
-57.5886   15500
-57.8884   15750
-58.7116   16000
-59.1055   16250
-59.0055   16500
-58.8997   16750
-58.6704   17000
-58.6763   17250
-58.9115   17500
-59.129   17750
-59.3407   18000
-58.9938   18250
-59.0643   18500
-59.7581   18750
-59.9756   19000
-59.6052   19250
-59.4524   19500
-59.7699   19750
-60.058   20000
-60.1873   20250
-60.3049   20500
-60.593   20750
-60.7223   21000
-60.7106   21250
-60.546   21500
-60.593   21750
-60.4695   22000
-60.1991   22250
-60.1991   22500
-60.5283   22750
-60.5166   23000
-60.5989   23250
-60.6283   23500
-60.9164   23750
-60.8517   24000
-60.7988   24250
-60.9399   24500
-61.2809   24750
-61.5513   25000
-61.5572   25250
-61.6689   25500
-61.569   25750
-61.5102   26000
-61.6748   26250
-61.4514   26500
-61.2221   26750
-61.6043   27000
-61.8924   27250
-61.569   27500
-61.0398   27750
-60.9634   28000
-61.4161   28250
-61.8042   28500
-61.9335   28750
-62.1217   29000
-62.3216   29250
-62.3627   29500
-62.2099   29750
-62.2451   30000
-62.2745   30250
-61.9747   30500
-62.1099   30750
-62.4803   31000
-62.3686   31250
-62.4921   31500
-62.692   31750
-62.9095   32000
-63.1388   32250
-62.5626   32500
-62.3451   32750
-62.8566   33000
-62.9977   33250
-62.8331   33500
-62.933   33750
-62.7978   34000
-62.8448   34250
-62.8801   34500
-63.2799   34750
-63.3799   35000
-63.3211   35250
-63.5621   35500
-63.6268   35750
-63.421   36000
-63.0565   36250
-62.8566   36500
-62.739   36750
-62.6626   37000
-62.7096   37250
-63.0153   37500
-63.3152   37750
-63.0389   38000
-62.9271   38250
-63.0624   38500
-62.9507   38750
-62.6743   39000
-62.9036   39250
-63.1506   39500
-63.3564   39750
-63.3681   40000
-63.3152   40250
-63.0095   40500
-62.7566   40750
-63.0565   41000
-63.18   41250
-63.08   41500
-63.1623   41750
-63.4034   42000
-63.2917   42250
-62.9566   42500
-63.0624   42750
-63.3034   43000
-63.6503   43250
-63.6151   43500
-63.2799   43750
-63.5386   44000
-63.7091   44250
-63.421   44500
-63.08   44750
-62.9507   45000
-63.0918   45250
-63.3152   45500
-63.4151   45750
-63.3975   46000
-63.4034   46250
-63.2858   46500
-62.9977   46750
-63.2152   47000
-63.5857   47250
-63.7856   47500
-63.7679   47750
-63.4739   48000
-63.4739   48250
-63.6209   48500
-63.7209   48750
-64.0031   49000
-64.2265   49250
-63.9443   49500
-63.6209   49750
-63.8914   50000
-64.2853   50250
-64.397   50500
-64.4264   50750
-64.4088   51000
-64.1736   51250
-64.2324   51500
-64.3441   51750
-64.397   52000
-64.5381   52250
-64.4205   52500
-64.4911   52750
-64.4382   53000
-64.3676   53250
-64.1795   53500
-64.1854   53750
-64.2971   54000
-64.3617   54250
-64.7439   54500
-65.0908   54750
-65.2202   55000
-65.226   55250
-65.2437   55500
-65.373   55750
-65.5082   56000
-65.5847   56250
-65.9316   56500
-66.1256   56750
-65.8375   57000
-65.6494   57250
-65.373   57500
-65.6552   57750
-66.0844   58000
-65.6258   58250
-65.8551   58500
-66.6783   58750
-66.5372   59000
-66.1021   59250
-65.9962   59500
-66.0492   59750
-66.2608   60000
-66.5195   60250
-66.8194   60500
-66.8253   60750
-66.5666   61000
-66.449   61250
-66.5548   61500
-66.4725   61750
-66.5372   62000
-66.7841   62250
-67.1427   62500
-67.4544   62750
-67.5778   63000
-67.3191   63250
-67.325   63500
-67.5955   63750
-67.7131   64000
-68.1305   64250
-68.5479   64500
-68.1187   64750
-68.0364   65000
-68.6361   65250
-68.6067   65500
-68.1129   65750
-68.2951   66000
-68.4774   66250
-68.3245   66500
-68.1893   66750
-68.4245   67000
-68.3833   67250
-68.3951   67500
-68.6361   67750
-68.8654   68000
-68.8772   68250
-68.8243   68500
-68.983   68750
-68.6067   69000
-68.5421   69250
-68.6832   69500
-68.9184   69750
-69.3652   70000
-69.7062   70250
-69.7238   70500
-69.471   70750
-69.4416   71000
-69.4181   71250
-69.2946   71500
-69.2711   71750
-69.177   72000
-69.2182   72250
-69.7474   72500
-70.1413   72750
-70.2471   73000
-70.4294   73250
-70.5411   73500
-70.2883   73750
-70.1413   74000
-70.3294   74250
-70.6881   74500
-70.8233   74750
-70.5999   75000
-70.5293   75250
-70.2354   75500
-70.1824   75750
-70.788   76000
-71.3701   76250
-71.0996   76500
-71.2643   76750
-71.2408   77000
-71.0644   77250
-70.888   77500
-70.9821   77750
-71.276   78000
-71.4936   78250
-71.4524   78500
-71.376   78750
-71.423   79000
-71.4289   79250
-71.4701   79500
-71.6229   79750
-71.67   80000
-71.6641   80250
-71.6406   80500
-71.7111   80750
-71.9169   81000
-71.8405   81250
-72.0815   81500
-72.2226   81750
-72.0521   82000
-72.2814   82250
-72.252   82500
-72.252   82750
-72.1815   83000
-71.8463   83250
-71.9051   83500
-72.1462   83750
-72.1873   84000
-72.399   84250
-72.3755   84500
-72.499   84750
-72.6283   85000
-72.693   85250
-72.9223   85500
-72.6283   85750
-72.5284   86000
-72.8929   86250
-72.9282   86500
-72.8223   86750
-72.7694   87000
-73.0516   87250
-73.5338   87500
-73.5396   87750
-73.3221   88000
-73.228   88250
-73.2986   88500
-73.2692   88750
-73.2221   89000
-73.3515   89250
-73.3045   89500
-73.3515   89750
-73.6513   90000
-73.4867   90250
-73.6337   90500
-73.716   90750
-73.375   91000
-73.2515   91250
-73.6337   91500
-73.8512   91750
-73.4162   92000
-73.3868   92250
-73.9277   92500
-74.2275   92750
-73.8454   93000
-73.6219   93250
-73.8277   93500
-73.6219   93750
-73.5514   94000
-73.4808   94250
-73.4808   94500
-73.7748   94750
-73.9688   95000
-74.1041   95250
-74.4098   95500
-74.7273   95750
-74.3334   96000
-74.0923   96250
-74.0041   96500
-73.8924   96750
-73.8983   97000
-74.0276   97250
-74.5627   97500
-74.9213   97750
-74.6685   98000
-74.5391   98250
-74.6626   98500
-74.9684   98750
-75.0801   99000
-75.0507   99250
-75.3682   99500
-75.1976   99750
