%01/22/2016 4:35 PM

-48.0344   0
-51.1976   31.25
-60.5518   62.5
-67.6543   93.75
-67.5014   125
-67.7366   156.25
-67.813   187.5
-67.4014   218.75
-67.3779   250
-68.2187   281.25
-68.1717   312.5
-67.5602   343.75
-67.519   375
-67.0546   406.25
-66.7547   437.5
-67.2662   468.75
-67.2662   500
-66.5666   531.25
-67.0075   562.5
-67.5308   593.75
-67.2309   625
-67.0957   656.25
-67.1545   687.5
-67.3662   718.75
-67.6366   750
-67.7307   781.25
-67.7248   812.5
-67.2309   843.75
-66.8311   875
-66.8899   906.25
-66.5901   937.5
-66.1432   968.75
-65.9904   1000
-66.1903   1031.25
-66.2549   1062.5
-66.8782   1093.75
-66.9781   1125
-66.1432   1156.25
-66.3549   1187.5
-66.6783   1218.75
-66.0903   1250
-65.3377   1281.25
-65.0849   1312.5
-65.3495   1343.75
-65.7963   1375
-66.0198   1406.25
-65.6082   1437.5
-65.2907   1468.75
-65.2025   1500
-64.8674   1531.25
-64.9438   1562.5
-64.9321   1593.75
-64.7968   1625
-64.8439   1656.25
-64.8909   1687.5
-64.9438   1718.75
-64.6263   1750
-64.6087   1781.25
-64.691   1812.5
-64.6792   1843.75
-64.4264   1875
-64.6028   1906.25
-64.7968   1937.5
-64.25   1968.75
-63.9737   2000
-64.1795   2031.25
-63.8561   2062.5
-63.5621   2093.75
-63.374   2125
-63.0095   2156.25
-63.0977   2187.5
-63.4975   2218.75
-63.9325   2250
-64.1089   2281.25
-63.909   2312.5
-63.8737   2343.75
-63.909   2375
-64.2206   2406.25
-64.3265   2437.5
-64.3029   2468.75
-63.8561   2500
-63.6974   2531.25
-63.5151   2562.5
-63.0859   2593.75
-63.5386   2625
-63.7973   2656.25
-63.3328   2687.5
-63.274   2718.75
-63.4681   2750
-63.5739   2781.25
-63.568   2812.5
-63.4798   2843.75
-63.6327   2875
-63.421   2906.25
-62.5685   2937.5
-62.4862   2968.75
-63.2035   3000
-63.568   3031.25
-63.3622   3062.5
-63.227   3093.75
-63.0506   3125
-62.886   3156.25
-62.692   3187.5
-62.5332   3218.75
-62.7566   3250
-63.4445   3281.25
-63.5269   3312.5
-63.4504   3343.75
-63.4916   3375
-63.3446   3406.25
-63.2388   3437.5
-63.18   3468.75
-63.033   3500
-63.0565   3531.25
-63.1035   3562.5
-62.5215   3593.75
-62.3098   3625
-63.0153   3656.25
-63.1682   3687.5
-62.8331   3718.75
-63.0095   3750
-63.4269   3781.25
-63.5798   3812.5
-63.2564   3843.75
-62.8507   3875
-62.4392   3906.25
-62.2216   3937.5
-62.4215   3968.75
-62.4686   4000
-62.9977   4031.25
-63.1329   4062.5
-62.7449   4093.75
-62.8919   4125
-63.2388   4156.25
-63.1271   4187.5
-63.4563   4218.75
-63.5327   4250
-62.9095   4281.25
-63.0565   4312.5
-63.6797   4343.75
-63.7326   4375
-63.2976   4406.25
-62.7919   4437.5
-62.7684   4468.75
-62.6861   4500
-62.9154   4531.25
-63.3446   4562.5
-63.4034   4593.75
-63.2505   4625
-63.0036   4656.25
-62.4156   4687.5
-62.4039   4718.75
-62.7978   4750
-62.8448   4781.25
-62.6861   4812.5
-62.4215   4843.75
-62.4333   4875
-62.3627   4906.25
-62.4568   4937.5
-63.1564   4968.75
-64.056   5000
-64.4264   5031.25
-63.9737   5062.5
-63.0741   5093.75
-62.9566   5125
-63.6915   5156.25
-63.6797   5187.5
-63.0565   5218.75
-62.8625   5250
-62.545   5281.25
-62.6743   5312.5
-63.2035   5343.75
-63.2211   5375
-63.2682   5406.25
-63.18   5437.5
-63.0447   5468.75
-63.2211   5500
-62.9507   5531.25
-63.2329   5562.5
-63.9502   5593.75
-63.862   5625
-63.6621   5656.25
-63.6209   5687.5
-63.4563   5718.75
-63.5327   5750
-63.6327   5781.25
-63.6738   5812.5
-63.4681   5843.75
-63.033   5875
-63.1506   5906.25
-63.5857   5937.5
-63.8561   5968.75
-63.8444   6000
-63.7326   6031.25
-63.4328   6062.5
-63.3681   6093.75
-63.3211   6125
-63.0565   6156.25
-63.1094   6187.5
-63.0565   6218.75
-62.8919   6250
-62.9624   6281.25
-63.0447   6312.5
-63.1917   6343.75
-63.0624   6375
-63.1506   6406.25
-63.7268   6437.5
-64.0149   6468.75
-63.8385   6500
-63.0977   6531.25
-63.1153   6562.5
-63.7679   6593.75
-63.6327   6625
-63.2035   6656.25
-63.1741   6687.5
-63.2917   6718.75
-62.9977   6750
-63.0624   6781.25
-63.3857   6812.5
-63.7209   6843.75
-63.5269   6875
-63.6915   6906.25
-64.1442   6937.5
-63.8737   6968.75
-63.815   7000
-64.5264   7031.25
-64.9497   7062.5
-64.2559   7093.75
-64.2265   7125
-64.6557   7156.25
-64.1618   7187.5
-63.7914   7218.75
-64.1736   7250
-64.6851   7281.25
-64.6322   7312.5
-64.5087   7343.75
-64.4205   7375
-64.1971   7406.25
-63.8914   7437.5
-64.3265   7468.75
-64.591   7500
-64.0619   7531.25
-63.9502   7562.5
-63.9796   7593.75
-63.8855   7625
-64.0619   7656.25
-64.4029   7687.5
-65.1143   7718.75
-65.3495   7750
-64.9203   7781.25
-64.9732   7812.5
-65.0144   7843.75
-64.8027   7875
-64.7028   7906.25
-64.5852   7937.5
-64.2089   7968.75
-63.7914   8000
-63.9678   8031.25
-64.6498   8062.5
-64.8145   8093.75
-64.5146   8125
-64.0854   8156.25
-63.9149   8187.5
-64.3382   8218.75
-64.2324   8250
-64.0501   8281.25
-64.6675   8312.5
-64.9262   8343.75
-64.6851   8375
-64.2736   8406.25
-64.2089   8437.5
-64.1795   8468.75
-64.1266   8500
-64.5322   8531.25
-64.9967   8562.5
-65.0555   8593.75
-64.5616   8625
-64.35   8656.25
-64.5146   8687.5
-64.8321   8718.75
-64.9615   8750
-65.1084   8781.25
-65.1084   8812.5
-64.7263   8843.75
-64.5499   8875
-64.5793   8906.25
-65.0085   8937.5
-65.079   8968.75
-64.7909   9000
-64.8968   9031.25
-64.8968   9062.5
-64.9909   9093.75
-65.0555   9125
-65.2025   9156.25
-64.9379   9187.5
-65.132   9218.75
-65.3965   9250
-65.1378   9281.25
-65.1555   9312.5
-64.8321   9343.75
-64.8909   9375
-65.2789   9406.25
-65.2907   9437.5
-65.473   9468.75
-65.2672   9500
-65.4906   9531.25
-65.8081   9562.5
-65.4965   9593.75
-65.1731   9625
-65.0908   9656.25
-65.1849   9687.5
-65.226   9718.75
-65.0555   9750
-64.8145   9781.25
-65.0673   9812.5
-65.3554   9843.75
-65.2672   9875
-65.3201   9906.25
-65.5318   9937.5
-66.1726   9968.75
-66.7547   10000
-66.2373   10031.3
-65.4612   10062.5
-65.5141   10093.8
-65.5906   10125
-65.3201   10156.3
-65.2554   10187.5
-65.5259   10218.8
-65.7023   10250
-65.5494   10281.3
-65.52   10312.5
-65.5906   10343.8
-65.4906   10375
-65.5788   10406.3
-65.8669   10437.5
-65.9198   10468.8
-65.8081   10500
-65.9727   10531.3
-65.7493   10562.5
-65.4495   10593.8
-65.2554   10625
-65.1261   10656.3
-65.8787   10687.5
-65.8316   10718.8
-64.9379   10750
-64.8733   10781.3
-65.0673   10812.5
-65.1849   10843.8
-65.3907   10875
-65.3613   10906.3
-65.1084   10937.5
-65.1437   10968.8
-65.5847   11000
-66.2079   11031.3
-66.5136   11062.5
-66.0786   11093.8
-65.9962   11125
-66.396   11156.3
-66.4019   11187.5
-65.9492   11218.8
-65.6082   11250
-65.5318   11281.3
-65.8728   11312.5
-66.2138   11343.8
-66.8076   11375
-66.984   11406.3
-66.9428   11437.5
-66.6665   11468.8
-65.9492   11500
-65.8199   11531.3
-66.0727   11562.5
-66.6783   11593.8
-66.8076   11625
-66.884   11656.3
-66.6018   11687.5
-66.4313   11718.8
-66.2138   11750
-65.8787   11781.3
-66.1961   11812.5
-66.6841   11843.8
-66.5136   11875
-66.1961   11906.3
-66.3608   11937.5
-66.5195   11968.8
-66.349   12000
-66.2961   12031.3
-66.3373   12062.5
-66.2902   12093.8
-66.2138   12125
-66.2549   12156.3
-66.4313   12187.5
-66.7547   12218.8
-66.6547   12250
-66.4431   12281.3
-66.8547   12312.5
-67.0075   12343.8
-66.7782   12375
-67.4602   12406.3
-67.7366   12437.5
-67.3132   12468.8
