%01/22/2016 4:28 PM

-52.4626   0
-55.467   31.25
-64.351   62.5
-72.5705   93.75
-72.6646   125
-72.841   156.25
-72.8174   187.5
-72.4176   218.75
-72.253   250
-72.206   281.25
-72.3412   312.5
-72.4117   343.75
-72.7469   375
-72.1707   406.25
-71.7003   437.5
-71.9237   468.75
-71.9002   500
-71.1535   531.25
-70.5832   562.5
-70.789   593.75
-70.836   625
-70.4598   656.25
-70.4421   687.5
-70.642   718.75
-70.4245   750
-70.2892   781.25
-70.4598   812.5
-70.2775   843.75
-70.007   875
-69.8306   906.25
-70.1481   937.5
-70.401   968.75
-70.7126   1000
-70.6773   1031.25
-71.0007   1062.5
-71.4534   1093.75
-71.2064   1125
-70.9771   1156.25
-70.7008   1187.5
-70.2775   1218.75
-70.3422   1250
-70.5656   1281.25
-71.0183   1312.5
-71.2417   1343.75
-71.0712   1375
-71.3534   1406.25
-71.5004   1437.5
-71.1065   1468.75
-71.1124   1500
-71.4416   1531.25
-71.6886   1562.5
-71.2946   1593.75
-71.2476   1625
-71.4122   1656.25
-71.324   1687.5
-71.0712   1718.75
-71.618   1750
-71.812   1781.25
-71.3476   1812.5
-71.1888   1843.75
-71.277   1875
-71.3123   1906.25
-71.4769   1937.5
-71.5181   1968.75
-70.8772   2000
-70.5362   2031.25
-70.5303   2062.5
-70.642   2093.75
-71.0183   2125
-71.0183   2156.25
-70.7126   2187.5
-70.1893   2218.75
-69.7366   2250
-69.619   2281.25
-70.1011   2312.5
-69.9894   2343.75
-69.5955   2375
-69.6778   2406.25
-69.7425   2437.5
-69.766   2468.75
-69.4544   2500
-68.8958   2531.25
-68.6312   2562.5
-68.4431   2593.75
-68.0727   2625
-67.8551   2656.25
-67.8669   2687.5
-67.814   2718.75
-68.0374   2750
-68.5548   2781.25
-68.4078   2812.5
-67.7728   2843.75
-67.5259   2875
-67.9551   2906.25
-68.496   2937.5
-68.2373   2968.75
-67.6317   3000
-67.373   3031.25
-67.6494   3062.5
-67.8022   3093.75
-67.4436   3125
-67.5376   3156.25
-67.6376   3187.5
-67.4789   3218.75
-67.2025   3250
-66.7439   3281.25
-66.9791   3312.5
-67.3965   3343.75
-67.1731   3375
-66.9909   3406.25
-67.2495   3437.5
-67.3554   3468.75
-67.1026   3500
-67.0144   3531.25
-67.1966   3562.5
-67.0555   3593.75
-66.4205   3625
-66.4382   3656.25
-66.6087   3687.5
-66.4499   3718.75
-66.7439   3750
-66.7851   3781.25
-66.5087   3812.5
-66.6204   3843.75
-66.6381   3875
-66.4911   3906.25
-66.5852   3937.5
-66.7263   3968.75
-66.7851   4000
-66.691   4031.25
-66.5852   4062.5
-66.6146   4093.75
-66.6146   4125
-66.7733   4156.25
-66.644   4187.5
-66.6557   4218.75
-66.6792   4250
-66.5146   4281.25
-66.5734   4312.5
-66.1795   4343.75
-65.9619   4375
-66.0678   4406.25
-66.1442   4437.5
-66.4147   4468.75
-66.6028   4500
-66.4147   4531.25
-66.1266   4562.5
-66.156   4593.75
-65.9149   4625
-65.4975   4656.25
-65.6562   4687.5
-66.2853   4718.75
-66.4676   4750
-66.35   4781.25
-66.3735   4812.5
-66.2089   4843.75
-66.1207   4875
-66.0972   4906.25
-65.7914   4937.5
-65.8502   4968.75
-66.1501   5000
-66.3441   5031.25
-66.2383   5062.5
-65.8914   5093.75
-65.5621   5125
-65.5151   5156.25
-65.8032   5187.5
-65.7973   5218.75
-66.009   5250
-66.2794   5281.25
-66.4382   5312.5
-66.838   5343.75
-66.7968   5375
-66.3441   5406.25
-66.1618   5437.5
-65.9502   5468.75
-66.1618   5500
-66.3853   5531.25
-66.2148   5562.5
-66.0795   5593.75
-66.2677   5625
-66.1324   5656.25
-65.7679   5687.5
-65.6621   5718.75
-65.6503   5750
-65.6033   5781.25
-65.762   5812.5
-66.0149   5843.75
-65.7326   5875
-65.7091   5906.25
-66.0149   5937.5
-65.909   5968.75
-65.6209   6000
-65.8973   6031.25
-66.4499   6062.5
-66.1854   6093.75
-65.9796   6125
-66.0031   6156.25
-65.6738   6187.5
-65.4034   6218.75
-65.7091   6250
-66.1031   6281.25
-65.8502   6312.5
-65.9796   6343.75
-65.7385   6375
-66.0325   6406.25
-66.4499   6437.5
-65.8796   6468.75
-65.1682   6500
-65.2682   6531.25
-65.7091   6562.5
-66.2442   6593.75
-66.3794   6625
-66.1677   6656.25
-65.9325   6687.5
-66.0501   6718.75
-66.0854   6750
-65.6151   6781.25
-65.521   6812.5
-65.9149   6843.75
-66.4676   6875
-66.4088   6906.25
-66.009   6937.5
-65.8561   6968.75
-65.8267   7000
-65.6562   7031.25
-65.7738   7062.5
-66.3088   7093.75
-66.7616   7125
-66.3324   7156.25
-66.0913   7187.5
-66.3029   7218.75
-66.1736   7250
-66.6792   7281.25
-67.1849   7312.5
-66.8791   7343.75
-66.5852   7375
-65.9619   7406.25
-65.8855   7437.5
-66.2677   7468.75
-66.4735   7500
-66.5558   7531.25
-66.2912   7562.5
-65.909   7593.75
-66.0031   7625
-66.497   7656.25
-66.2677   7687.5
-65.9619   7718.75
-66.1736   7750
-66.0266   7781.25
-65.7679   7812.5
-66.0737   7843.75
-66.1854   7875
-66.5264   7906.25
-66.5322   7937.5
-66.3853   7968.75
-66.1795   8000
-66.056   8031.25
-66.1736   8062.5
-66.35   8093.75
-66.5616   8125
-66.4793   8156.25
-66.4382   8187.5
-66.3676   8218.75
-65.9796   8250
-66.2677   8281.25
-66.8145   8312.5
-66.6146   8343.75
-66.1442   8375
-66.1736   8406.25
-65.9031   8437.5
-65.8855   8468.75
-66.1854   8500
-66.3265   8531.25
-66.6381   8562.5
-67.179   8593.75
-67.0438   8625
-66.8086   8656.25
-66.7851   8687.5
-66.6204   8718.75
-66.7557   8750
-66.5852   8781.25
-66.4617   8812.5
-66.5029   8843.75
-66.6146   8875
-66.9203   8906.25
-66.9321   8937.5
-66.497   8968.75
-66.2794   9000
-66.6146   9031.25
-66.985   9062.5
-66.8733   9093.75
-66.591   9125
-66.4088   9156.25
-66.5558   9187.5
-66.7733   9218.75
-66.8145   9250
-66.5616   9281.25
-66.5029   9312.5
-66.5616   9343.75
-66.7263   9375
-67.2378   9406.25
-67.7669   9437.5
-67.1849   9468.75
-66.7439   9500
-67.1143   9531.25
-67.2202   9562.5
-66.6675   9593.75
-66.6616   9625
-67.1849   9656.25
-67.2202   9687.5
-67.4847   9718.75
-67.226   9750
-66.497   9781.25
-66.3617   9812.5
-66.5322   9843.75
-66.9379   9875
-67.1555   9906.25
-66.9321   9937.5
-67.0438   9968.75
-67.0673   10000
-67.0438   10031.3
-67.3789   10062.5
-67.373   10093.8
-67.1143   10125
-66.8086   10156.3
-66.6087   10187.5
-66.8556   10218.8
-67.1437   10250
-67.0614   10281.3
-67.473   10312.5
-67.6258   10343.8
-67.4612   10375
-66.9085   10406.3
-66.2736   10437.5
-66.3265   10468.8
-66.7674   10500
-67.1496   10531.3
-67.0379   10562.5
-66.7498   10593.8
-66.8556   10625
-67.179   10656.3
-67.2084   10687.5
-67.4318   10718.8
-67.4847   10750
-66.8791   10781.3
-66.8791   10812.5
-67.3671   10843.8
-67.1614   10875
-67.0438   10906.3
-67.3789   10937.5
-67.2672   10968.8
-67.1849   11000
-67.3495   11031.3
-67.0261   11062.5
-66.5381   11093.8
-66.7851   11125
-67.5847   11156.3
-68.1844   11187.5
-68.0021   11218.8
-67.7669   11250
-67.7963   11281.3
-67.7611   11312.5
-67.6494   11343.8
-67.6435   11375
-67.6964   11406.3
-67.1908   11437.5
-66.9262   11468.8
-67.473   11500
-68.108   11531.3
-67.7728   11562.5
-67.6846   11593.8
-67.7963   11625
-67.7023   11656.3
-67.9845   11687.5
-68.155   11718.8
-67.8845   11750
-67.7493   11781.3
-67.5141   11812.5
-67.4436   11843.8
-67.2202   11875
-67.2025   11906.3
-67.7317   11937.5
-67.6552   11968.8
-67.2613   12000
-67.4259   12031.3
-67.5612   12062.5
-67.5141   12093.8
-67.5141   12125
-67.4847   12156.3
-67.9081   12187.5
-67.9081   12218.8
-67.7963   12250
-68.0139   12281.3
-68.1961   12312.5
-68.1021   12343.8
-67.6552   12375
-67.8963   12406.3
-68.1609   12437.5
-68.2785   12468.8
