%01/22/2016 3:57 PM

-49.078   0
-52.1647   31.25
-61.6719   62.5
-73.9365   93.75
-75.9473   125
-79.5984   156.25
-81.5387   187.5
-80.8625   218.75
-80.7626   250
-81.0507   281.25
-81.2388   312.5
-81.3388   343.75
-81.2035   375
-81.1389   406.25
-80.6861   437.5
-80.4392   468.75
-80.5685   500
-80.6156   531.25
-80.6626   562.5
-80.4333   593.75
-79.9453   625
-79.6984   656.25
-79.3633   687.5
-79.0575   718.75
-78.9811   750
-79.1339   781.25
-79.0575   812.5
-78.8282   843.75
-78.8106   875
-78.5695   906.25
-78.058   937.5
-77.8522   968.75
-78.0345   1000
-77.8934   1031.25
-77.617   1062.5
-77.6112   1093.75
-77.4524   1125
-77.4054   1156.25
-77.4171   1187.5
-77.0938   1218.75
-77.1232   1250
-77.3348   1281.25
-77.423   1312.5
-77.276   1343.75
-77.0761   1375
-77.0408   1406.25
-77.5053   1437.5
-77.5818   1468.75
-77.182   1500
-76.6116   1531.25
-76.6469   1562.5
-76.594   1593.75
-76.447   1625
-76.4294   1656.25
-76.0707   1687.5
-76.0119   1718.75
-76.1236   1750
-76.3118   1781.25
-76.4235   1812.5
-76.1707   1843.75
-76.0825   1875
-76.3059   1906.25
-76.2177   1937.5
-76.2765   1968.75
-76.1472   2000
-75.9002   2031.25
-75.9296   2062.5
-75.865   2093.75
-75.8003   2125
-75.6827   2156.25
-75.3417   2187.5
-75.4063   2218.75
-75.7826   2250
-76.059   2281.25
-76.106   2312.5
-76.0061   2343.75
-75.7532   2375
-75.6592   2406.25
-75.7297   2437.5
-75.5945   2468.75
-75.6944   2500
-75.718   2531.25
-75.6063   2562.5
-75.3828   2593.75
-75.3358   2625
-75.0536   2656.25
-74.8008   2687.5
-74.9242   2718.75
-74.8184   2750
-74.8419   2781.25
-74.7772   2812.5
-74.6655   2843.75
-74.5832   2875
-74.7537   2906.25
-74.9654   2937.5
-74.8419   2968.75
-74.7831   3000
-74.9948   3031.25
-74.8302   3062.5
-74.5773   3093.75
-74.5303   3125
-74.8478   3156.25
-75.1065   3187.5
-74.9066   3218.75
-74.5597   3250
-74.2128   3281.25
-74.3951   3312.5
-74.2716   3343.75
-74.3186   3375
-74.595   3406.25
-74.4304   3437.5
-74.2951   3468.75
-74.1717   3500
-74.1893   3531.25
-74.3657   3562.5
-74.3598   3593.75
-74.0247   3625
-73.9718   3656.25
-73.5073   3687.5
-72.9252   3718.75
-73.3074   3750
-73.813   3781.25
-74.1423   3812.5
-74.4833   3843.75
-74.4245   3875
-73.7777   3906.25
-73.8542   3937.5
-73.8953   3968.75
-73.3838   4000
-72.8958   4031.25
-73.0722   4062.5
-73.4896   4093.75
-73.7836   4125
-73.3485   4156.25
-73.1545   4187.5
-72.8311   4218.75
-72.6077   4250
-72.8311   4281.25
-72.9017   4312.5
-72.7959   4343.75
-72.7841   4375
-72.9076   4406.25
-72.8311   4437.5
-72.8664   4468.75
-72.8782   4500
-72.496   4531.25
-72.6195   4562.5
-72.69   4593.75
-72.837   4625
-73.0428   4656.25
-72.9428   4687.5
-72.5842   4718.75
-72.2785   4750
-72.1021   4781.25
-72.4019   4812.5
-72.4548   4843.75
-72.5078   4875
-72.7135   4906.25
-72.6665   4937.5
-72.643   4968.75
-72.7312   5000
-72.6195   5031.25
-72.1197   5062.5
-71.7434   5093.75
-71.8845   5125
-71.861   5156.25
-72.2314   5187.5
-72.4431   5218.75
-72.1609   5250
-71.9433   5281.25
-71.8316   5312.5
-71.7787   5343.75
-71.7552   5375
-71.7669   5406.25
-71.9962   5437.5
-72.1315   5468.75
-71.9139   5500
-71.9904   5531.25
-72.1491   5562.5
-72.0903   5593.75
-72.2549   5625
-72.2667   5656.25
-72.1197   5687.5
-72.2314   5718.75
-72.5489   5750
-72.7429   5781.25
-72.2138   5812.5
-71.9962   5843.75
-71.7258   5875
-71.326   5906.25
-71.3848   5937.5
-71.9786   5968.75
-72.2314   6000
-71.8551   6031.25
-71.4671   6062.5
-71.62   6093.75
-71.3965   6125
-71.326   6156.25
-71.4553   6187.5
-71.2789   6218.75
-71.3319   6250
-71.3436   6281.25
-71.5141   6312.5
-71.8904   6343.75
-71.7493   6375
-72.0609   6406.25
-72.4254   6437.5
-71.9551   6468.75
-71.7963   6500
-72.0374   6531.25
-72.1903   6562.5
-72.2667   6593.75
-71.8316   6625
-71.567   6656.25
-71.4965   6687.5
-71.2378   6718.75
-71.6317   6750
-72.2608   6781.25
-72.202   6812.5
-71.62   6843.75
-71.4024   6875
-71.4612   6906.25
-71.5082   6937.5
-71.3554   6968.75
-71.4612   7000
-71.7552   7031.25
-71.7317   7062.5
-71.3201   7093.75
-71.2378   7125
-71.1849   7156.25
-70.9203   7187.5
-70.8791   7218.75
-71.1966   7250
-71.5082   7281.25
-71.8904   7312.5
-71.9669   7343.75
-71.4847   7375
-71.5024   7406.25
-71.4436   7437.5
-71.4495   7468.75
-71.5376   7500
-71.1026   7531.25
-70.885   7562.5
-71.132   7593.75
-71.1672   7625
-71.62   7656.25
-71.667   7687.5
-70.9203   7718.75
-71.1437   7750
-71.7787   7781.25
-71.4436   7812.5
-71.6435   7843.75
-71.6905   7875
-71.3613   7906.25
-71.1908   7937.5
-71.3495   7968.75
-71.4436   8000
-71.0496   8031.25
-70.9379   8062.5
-70.9379   8093.75
-70.544   8125
-70.644   8156.25
-70.9321   8187.5
-71.1378   8218.75
-71.179   8250
-71.3848   8281.25
-71.5318   8312.5
-71.4965   8343.75
-71.3025   8375
-71.1849   8406.25
-70.8733   8437.5
-70.7439   8468.75
-70.8203   8500
-71.3201   8531.25
-71.7199   8562.5
-71.2966   8593.75
-71.3319   8625
-71.6964   8656.25
-71.52   8687.5
-71.1143   8718.75
-71.0202   8750
-71.4495   8781.25
-71.5906   8812.5
-71.1908   8843.75
-70.6734   8875
-70.6381   8906.25
-70.9497   8937.5
-71.3613   8968.75
-71.2202   9000
-71.2554   9031.25
-71.2495   9062.5
-71.2025   9093.75
-71.3613   9125
-71.2378   9156.25
-71.1614   9187.5
-71.5376   9218.75
-71.5964   9250
-71.2202   9281.25
-70.7322   9312.5
-70.7851   9343.75
-70.9673   9375
-70.8439   9406.25
-71.0673   9437.5
-70.9673   9468.75
-70.9967   9500
-71.6494   9531.25
-72.1315   9562.5
-71.9081   9593.75
-71.6376   9625
-71.2848   9656.25
-71.3377   9687.5
-71.4906   9718.75
-71.4201   9750
-70.9379   9781.25
-70.3911   9812.5
-70.4499   9843.75
-70.838   9875
-71.2613   9906.25
-71.2554   9937.5
-70.9085   9968.75
-70.4558   10000
-70.5616   10031.3
-70.6381   10062.5
-70.9085   10093.8
-71.2731   10125
-71.4612   10156.3
-71.4965   10187.5
-71.4201   10218.8
-71.6023   10250
-71.6905   10281.3
-71.6787   10312.5
-71.2731   10343.8
-71.0202   10375
-70.9909   10406.3
-71.3436   10437.5
-71.5141   10468.8
-71.4201   10500
-71.3965   10531.3
-71.8551   10562.5
-71.9374   10593.8
-71.2789   10625
-71.0732   10656.3
-71.3789   10687.5
-71.4436   10718.8
-71.1378   10750
-71.4142   10781.3
-71.8845   10812.5
-71.4259   10843.8
-71.0967   10875
-70.8791   10906.3
-71.1496   10937.5
-71.4789   10968.8
-71.5906   11000
-71.7552   11031.3
-71.4671   11062.5
-71.2437   11093.8
-71.4142   11125
-71.7963   11156.3
-71.7669   11187.5
-71.567   11218.8
-71.3025   11250
-71.179   11281.3
-71.5024   11312.5
-71.473   11343.8
-71.5906   11375
-71.3965   11406.3
-70.9144   11437.5
-71.2143   11468.8
-71.5906   11500
-71.5612   11531.3
-71.7434   11562.5
-71.714   11593.8
-71.4259   11625
-71.2907   11656.3
-71.6141   11687.5
-71.6376   11718.8
-71.3201   11750
-71.714   11781.3
-71.7317   11812.5
-71.0555   11843.8
-71.3671   11875
-71.4259   11906.3
-71.0732   11937.5
-71.6611   11968.8
-71.7611   12000
-71.7082   12031.3
-71.6787   12062.5
-71.4436   12093.8
-71.4259   12125
-71.6905   12156.3
-71.9962   12187.5
-71.6611   12218.8
-71.3495   12250
-71.5612   12281.3
-71.6729   12312.5
-71.5964   12343.8
-71.373   12375
-71.4789   12406.3
-71.714   12437.5
-71.9081   12468.8
