%01/22/2016 3:57 PM

-45.1681   0
-48.4724   250
-58.6439   500
-66.7811   750
-65.911   1000
-65.1819   1250
-65.0055   1500
-65.3171   1750
-65.3759   2000
-65.0173   2250
-65.0114   2500
-64.8291   2750
-64.5058   3000
-64.2647   3250
-63.7414   3500
-63.13   3750
-62.9889   4000
-63.1888   4250
-63.0477   4500
-62.5538   4750
-62.1716   5000
-62.0423   5250
-62.1128   5500
-62.0658   5750
-61.7365   6000
-61.1662   6250
-60.837   6500
-60.9487   6750
-60.9369   7000
-61.0134   7250
-61.5366   7500
-61.6836   7750
-61.2368   8000
-60.7311   8250
-60.6194   8500
-60.6194   8750
-60.8781   9000
-60.931   9250
-60.9722   9500
-61.1074   9750
-60.931   10000
-60.7723   10250
-61.1133   10500
-61.7777   10750
-61.8071   11000
-61.5602   11250
-61.5778   11500
-62.0129   11750
-62.2304   12000
-62.3539   12250
-62.2422   12500
-62.2069   12750
-62.0658   13000
-61.9188   13250
-62.0834   13500
-62.6302   13750
-62.5479   14000
-61.9129   14250
-61.7953   14500
-62.1305   14750
-62.4773   15000
-62.2245   15250
-62.2892   15500
-62.348   15750
-62.1246   16000
-62.3421   16250
-62.495   16500
-63.0594   16750
-63.2064   17000
-62.7772   17250
-62.4538   17500
-62.3539   17750
-62.4832   18000
-62.3421   18250
-62.6126   18500
-62.983   18750
-63.1358   19000
-63.277   19250
-63.4651   19500
-63.4769   19750
-63.5651   20000
-63.8002   20250
-64.0178   20500
-63.9061   20750
-63.7943   21000
-64.3176   21250
-64.4352   21500
-64.2294   21750
-64.2882   22000
-64.0295   22250
-63.7826   22500
-63.8649   22750
-63.9472   23000
-63.8884   23250
-64.0883   23500
-64.3764   23750
-64.4117   24000
-65.0232   24250
-65.0937   24500
-64.1883   24750
-63.8884   25000
-63.765   25250
-63.4945   25500
-63.3887   25750
-63.4651   26000
-64.0237   26250
-64.347   26500
-64.3882   26750
-64.5881   27000
-64.3   27250
-64.0825   27500
-64.2941   27750
-64.7174   28000
-64.9644   28250
-65.1937   28500
-65.1408   28750
-64.5998   29000
-64.4646   29250
-64.6057   29500
-64.6822   29750
-65.1231   30000
-65.0937   30250
-64.7527   30500
-65.1172   30750
-65.0643   31000
-64.6528   31250
-64.6351   31500
-64.9879   31750
-64.9115   32000
-65.082   32250
-65.082   32500
-64.8527   32750
-64.6645   33000
-64.3941   33250
-64.8644   33500
-65.2231   33750
-64.5352   34000
-64.4587   34250
-64.6116   34500
-64.4705   34750
-64.5175   35000
-64.7586   35250
-65.082   35500
-65.0408   35750
-64.8938   36000
-64.9879   36250
-65.0055   36500
-64.6763   36750
-64.5587   37000
-64.8585   37250
-65.0761   37500
-65.0114   37750
-64.9761   38000
-65.2936   38250
-65.6876   38500
-65.5994   38750
-65.0761   39000
-64.7174   39250
-64.9232   39500
-65.2701   39750
-65.0643   40000
-64.9585   40250
-65.0055   40500
-65.0702   40750
-65.3759   41000
-65.3054   41250
-64.7586   41500
-64.5352   41750
-64.7586   42000
-64.8644   42250
-64.6292   42500
-64.7468   42750
-65.0937   43000
-65.1349   43250
-65.1643   43500
-65.0349   43750
-65.0878   44000
-65.2701   44250
-64.9585   44500
-64.541   44750
-64.6528   45000
-65.029   45250
-65.5347   45500
-65.3524   45750
-65.0173   46000
-65.0584   46250
-65.2525   46500
-65.3171   46750
-65.0761   47000
-65.0996   47250
-65.2877   47500
-65.3583   47750
-65.3407   48000
-65.5817   48250
-65.5994   48500
-65.5876   48750
-65.6288   49000
-65.3818   49250
-65.4994   49500
-65.6523   49750
-65.8698   50000
-65.8169   50250
-65.7993   50500
-65.9227   50750
-66.058   51000
-65.8051   51250
-65.5582   51500
-65.6699   51750
-65.423   52000
-65.3465   52250
-65.8051   52500
-66.1226   52750
-65.7463   53000
-65.5112   53250
-65.764   53500
-65.9698   53750
-66.1285   54000
-66.0756   54250
-66.1932   54500
-65.8581   54750
-65.7287   55000
-65.9756   55250
-66.2402   55500
-66.5283   55750
-66.8399   56000
-66.5577   56250
-66.3343   56500
-66.3461   56750
-66.5224   57000
-66.8517   57250
-66.8693   57500
-66.9752   57750
-67.034   58000
-66.6459   58250
-66.5989   58500
-66.8928   58750
-67.0046   59000
-67.3162   59250
-67.5513   59500
-67.2221   59750
-67.1809   60000
-67.5043   60250
-67.6043   60500
-67.5572   60750
-67.5807   61000
-67.5278   61250
-67.5219   61500
-67.7219   61750
-68.1746   62000
-68.2216   62250
-68.0981   62500
-68.204   62750
-68.5391   63000
-68.6038   63250
-68.3392   63500
-68.0041   63750
-68.1922   64000
-68.351   64250
-68.2393   64500
-68.3627   64750
-68.2157   65000
-68.1981   65250
-68.7802   65500
-69.1447   65750
-68.8978   66000
-68.7272   66250
-68.8331   66500
-68.8566   66750
-68.7155   67000
-68.6567   67250
-68.7096   67500
-69.2094   67750
-69.521   68000
-69.3446   68250
-69.2446   68500
-69.5621   68750
-69.8855   69000
-70.2206   69250
-70.2265   69500
-70.0854   69750
-69.9325   70000
-69.8326   70250
-69.9031   70500
-70.0737   70750
-70.1501   71000
-70.0384   71250
-70.0325   71500
-70.2912   71750
-70.397   72000
-70.3617   72250
-70.3676   72500
-70.3147   72750
-70.4088   73000
-70.6498   73250
-70.4205   73500
-70.4793   73750
-70.8497   74000
-70.691   74250
-70.6322   74500
-71.132   74750
-71.2084   75000
-71.0026   75250
-70.6792   75500
-70.2912   75750
-70.6792   76000
-71.2966   76250
-71.3142   76500
-70.9732   76750
-70.8086   77000
-71.0438   77250
-71.5494   77500
-72.0962   77750
-72.2314   78000
-72.0609   78250
-71.6141   78500
-71.4847   78750
-71.7023   79000
-72.0786   79250
-72.5666   79500
-72.6371   79750
-72.5313   80000
-72.2314   80250
-72.2549   80500
-72.6254   80750
-72.4666   81000
-71.7082   81250
-71.4259   81500
-71.6787   81750
-71.7082   82000
-71.6729   82250
-71.6611   82500
-71.9316   82750
-72.3549   83000
-72.5901   83250
-73.0487   83500
-72.8723   83750
-72.5313   84000
-72.6841   84250
-72.9428   84500
-72.884   84750
-72.7606   85000
-72.7841   85250
-72.5372   85500
-72.6077   85750
-72.8488   86000
-72.884   86250
-72.8723   86500
-72.7547   86750
-73.1427   87000
-73.7366   87250
-73.4779   87500
-73.1545   87750
-73.0781   88000
-73.0075   88250
-72.7077   88500
-72.5842   88750
-72.8135   89000
-72.9958   89250
-73.3427   89500
-73.4779   89750
-73.4485   90000
-73.7072   90250
-73.8483   90500
-73.4367   90750
-73.178   91000
-72.9958   91250
-73.1133   91500
-73.5543   91750
-73.4485   92000
-73.3838   92250
-73.3603   92500
-73.5484   92750
-73.9188   93000
-73.5543   93250
-73.2897   93500
-73.3779   93750
-73.7542   94000
-73.6895   94250
-73.3368   94500
-73.3779   94750
-73.6249   95000
-73.7719   95250
-73.6778   95500
-73.7366   95750
-73.7131   96000
-73.6425   96250
-74.0482   96500
-74.2187   96750
-73.9188   97000
-73.9424   97250
-74.1717   97500
-74.2363   97750
-74.1246   98000
-74.0364   98250
-74.0305   98500
-73.9071   98750
-74.4068   99000
-74.8184   99250
-74.7361   99500
-74.595   99750
