%03/26/2017 4:08 PM

-102.259   0
-105.598   250
-116.346   500
-137.324   750
-147.195   1000
-147.789   1250
-148.56   1500
-149.224   1750
-149.571   2000
-149.547   2250
-149.089   2500
-148.889   2750
-149.136   3000
-149.641   3250
-149.976   3500
-150.018   3750
-150.082   4000
-150.088   4250
-150.535   4500
-150.723   4750
-150.529   5000
-150.4   5250
-150.335   5500
-150.306   5750
-150.911   6000
-151.058   6250
-150.423   6500
-150.041   6750
-150.076   7000
-150.112   7250
-150.388   7500
-150.559   7750
-150.171   8000
-149.553   8250
-150.012   8500
-150.659   8750
-150.459   9000
-149.935   9250
-150.4   9500
-151.276   9750
-151.029   10000
-150.429   10250
-150.112   10500
-150.088   10750
-150.147   11000
-150.341   11250
-150.341   11500
-150.382   11750
-150.594   12000
-150.794   12250
-150.9   12500
-151   12750
-150.741   13000
-150.382   13250
-150.212   13500
-150.335   13750
-150.353   14000
-150.388   14250
-150.335   14500
-150.453   14750
-150.788   15000
-150.964   15250
-150.758   15500
-150.347   15750
-150.235   16000
-150.206   16250
-150.259   16500
-150.376   16750
-150.312   17000
-150.265   17250
-150.512   17500
-150.459   17750
-150.376   18000
-150.147   18250
-150.47   18500
-150.576   18750
-150.129   19000
-150.094   19250
-150.076   19500
-150.029   19750
-150.559   20000
-150.741   20250
-150.382   20500
-150.147   20750
-150.182   21000
-150   21250
-150.194   21500
-150.77   21750
-151.164   22000
-150.67   22250
-150.617   22500
-151.158   22750
-150.7   23000
-150.329   23250
-150.147   23500
-150.088   23750
-150.106   24000
-150.629   24250
-150.794   24500
-150.447   24750
-150.588   25000
-150.888   25250
-150.417   25500
-150.353   25750
-150.876   26000
-151.252   26250
-150.806   26500
-150.711   26750
-151.064   27000
-150.758   27250
-150.588   27500
-150.3   27750
-149.777   28000
-150.047   28250
-150.647   28500
-150.823   28750
-150.412   29000
-150.459   29250
-150.594   29500
-150.641   29750
-150.488   30000
-150.488   30250
-150.259   30500
-150.194   30750
-150.464   31000
-150.611   31250
-150.512   31500
-150.223   31750
-150.171   32000
-150.582   32250
-150.676   32500
-150.788   32750
-150.488   33000
-150.417   33250
-150.547   33500
-150.8   33750
-150.735   34000
-150.529   34250
-150.57   34500
-150.653   34750
-150.711   35000
-150.741   35250
-150.788   35500
-150.688   35750
-150.676   36000
-150.535   36250
-150.241   36500
-150.235   36750
-150.553   37000
-150.623   37250
-150.576   37500
-150.412   37750
-150.553   38000
-150.67   38250
-150.67   38500
-150.811   38750
-150.864   39000
-150.67   39250
-150.171   39500
-149.841   39750
-149.788   40000
-149.835   40250
-150.353   40500
-150.694   40750
-151.052   41000
-150.976   41250
-150.723   41500
-150.547   41750
-150.517   42000
-150.212   42250
-150.165   42500
-150.318   42750
-150.453   43000
-150.464   43250
-150.459   43500
-150.57   43750
-150.6   44000
-150.559   44250
-150.453   44500
-150.365   44750
-150.77   45000
-151.188   45250
-150.876   45500
-150.711   45750
-150.594   46000
-150.312   46250
-150.141   46500
-149.841   46750
-149.659   47000
-150.106   47250
-150.553   47500
-150.682   47750
-150.611   48000
-150.359   48250
-150.218   48500
-150.294   48750
-150.376   49000
-150.223   49250
-150.041   49500
-150.076   49750
-150.235   50000
-150.329   50250
-150.429   50500
-150   50750
-149.718   51000
-149.694   51250
-150.235   51500
-150.711   51750
-150.5   52000
-150.182   52250
-150.276   52500
-150.453   52750
-150.853   53000
-150.9   53250
-150.711   53500
-150.417   53750
-150.059   54000
-149.906   54250
-149.929   54500
-150.159   54750
-150.071   55000
-149.794   55250
-149.965   55500
-149.935   55750
-149.753   56000
-150.141   56250
-150.112   56500
-149.753   56750
-150.106   57000
-150.182   57250
-149.788   57500
-149.929   57750
-150.053   58000
-150.176   58250
-150.235   58500
-150.382   58750
-150.294   59000
-150.406   59250
-150.517   59500
-150.559   59750
-150.265   60000
-149.865   60250
-149.835   60500
-150.212   60750
-150.135   61000
-150.276   61250
-150.312   61500
-150.323   61750
-150.059   62000
-150.147   62250
-150.359   62500
-150.406   62750
-150.329   63000
-150.459   63250
-149.941   63500
-149.8   63750
-149.859   64000
-149.965   64250
-149.924   64500
-149.63   64750
-149.6   65000
-149.706   65250
-149.918   65500
-150.553   65750
-150.682   66000
-150.147   66250
-149.741   66500
-149.553   66750
-150.094   67000
-150.494   67250
-150.129   67500
-150.118   67750
-150.006   68000
-149.577   68250
-149.394   68500
-149.853   68750
-150.235   69000
-150.1   69250
-150.159   69500
-150.253   69750
-150.259   70000
-150.176   70250
-149.976   70500
-149.853   70750
-149.971   71000
-150.088   71250
-150.065   71500
-150.306   71750
-150.494   72000
-150.253   72250
-149.953   72500
-149.918   72750
-150.282   73000
-150.47   73250
-150.711   73500
-150.606   73750
-150.382   74000
-150.218   74250
-149.894   74500
-149.865   74750
-149.894   75000
-149.547   75250
-148.995   75500
-149.147   75750
-149.906   76000
-150.153   76250
-150.247   76500
-149.741   76750
-149.641   77000
-150.153   77250
-149.929   77500
-149.694   77750
-149.759   78000
-149.565   78250
-149.624   78500
-149.794   78750
-149.918   79000
-149.865   79250
-149.994   79500
-150.517   79750
-150.653   80000
-149.971   80250
-149.865   80500
-150.2   80750
-149.959   81000
-149.671   81250
-150.088   81500
-149.959   81750
-149.594   82000
-149.536   82250
-149.912   82500
-150.288   82750
-150.241   83000
-149.912   83250
-149.553   83500
-149.441   83750
-149.541   84000
-149.283   84250
-149.342   84500
-149.588   84750
-149.6   85000
-149.847   85250
-149.824   85500
-149.418   85750
-149.612   86000
-150.035   86250
-150.535   86500
-150.341   86750
-149.935   87000
-149.73   87250
-149.394   87500
-149.471   87750
-149.859   88000
-149.718   88250
-149.759   88500
-149.888   88750
-150.018   89000
-149.929   89250
-149.847   89500
-149.5   89750
-149.2   90000
-148.854   90250
-148.795   90500
-149.488   90750
-149.83   91000
-149.524   91250
-149.665   91500
-149.753   91750
-149.871   92000
-149.612   92250
-149.441   92500
-149.483   92750
-149.577   93000
-149.324   93250
-149.324   93500
-149.212   93750
-149.4   94000
-149.641   94250
-149.212   94500
-149.095   94750
-149.453   95000
-149.347   95250
-149.359   95500
-149.471   95750
-149.5   96000
-149.5   96250
-149.4   96500
-149.583   96750
-149.824   97000
-149.9   97250
-150.012   97500
-149.777   97750
-149.671   98000
-150.112   98250
-150.035   98500
-149.394   98750
-149.147   99000
-149.177   99250
-149.153   99500
-149.195   99750
