%01/22/2016 1:12 PM

-66.5224   0
-69.8678   31.25
-80.6038   62.5
-100.071   93.75
-115.21   125
-133.061   156.25
-136.976   187.5
-138.358   218.75
-137.999   250
-135.847   281.25
-135.442   312.5
-138.152   343.75
-140.827   375
-141.674   406.25
-141.168   437.5
-140.598   468.75
-140.569   500
-141.321   531.25
-142.039   562.5
-142.433   593.75
-142.509   625
-141.827   656.25
-141.545   687.5
-141.709   718.75
-141.88   750
-141.962   781.25
-142.968   812.5
-143.391   843.75
-143.068   875
-143.026   906.25
-143.179   937.5
-143.032   968.75
-143.426   1000
-143.491   1031.25
-143.285   1062.5
-142.909   1093.75
-142.968   1125
-143.767   1156.25
-144.214   1187.5
-144.385   1218.75
-144.167   1250
-143.82   1281.25
-143.949   1312.5
-144.043   1343.75
-143.949   1375
-144.243   1406.25
-144.361   1437.5
-144.049   1468.75
-143.908   1500
-144.22   1531.25
-144.396   1562.5
-144.531   1593.75
-144.996   1625
-145.266   1656.25
-144.49   1687.5
-144.043   1718.75
-144.073   1750
-144.032   1781.25
-144.437   1812.5
-144.402   1843.75
-144.167   1875
-144.196   1906.25
-144.408   1937.5
-144.561   1968.75
-144.479   2000
-144.202   2031.25
-144.432   2062.5
-144.337   2093.75
-144.185   2125
-144.096   2156.25
-143.644   2187.5
-144.079   2218.75
-144.796   2250
-144.884   2281.25
-144.479   2312.5
-144.285   2343.75
-144.279   2375
-143.926   2406.25
-144.332   2437.5
-144.649   2468.75
-144.373   2500
-144.355   2531.25
-144.573   2562.5
-144.614   2593.75
-144.402   2625
-144.484   2656.25
-144.596   2687.5
-144.32   2718.75
-144.179   2750
-144.008   2781.25
-144.008   2812.5
-144.008   2843.75
-143.891   2875
-144.19   2906.25
-144.226   2937.5
-144.337   2968.75
-144.461   3000
-144.461   3031.25
-144.332   3062.5
-144.079   3093.75
-144.285   3125
-144.584   3156.25
-144.579   3187.5
-144.655   3218.75
-144.543   3250
-144.373   3281.25
-144.608   3312.5
-144.726   3343.75
-144.614   3375
-144.673   3406.25
-144.455   3437.5
-144.19   3468.75
-144.091   3500
-143.949   3531.25
-144.061   3562.5
-144.496   3593.75
-144.667   3625
-144.508   3656.25
-144.496   3687.5
-144.596   3718.75
-144.62   3750
-144.161   3781.25
-142.485   3812.5
-141.792   3843.75
-138.899   3875
-136.488   3906.25
-138.875   3937.5
-141.274   3968.75
-142.139   4000
-144.361   4031.25
-145.166   4062.5
-144.643   4093.75
-144.437   4125
-144.72   4156.25
-144.42   4187.5
-144.273   4218.75
-144.908   4250
-145.525   4281.25
-145.425   4312.5
-145.172   4343.75
-144.961   4375
-144.784   4406.25
-144.42   4437.5
-144.432   4468.75
-144.755   4500
-144.996   4531.25
-144.69   4562.5
-144.196   4593.75
-143.991   4625
-144.19   4656.25
-144.396   4687.5
-144.467   4718.75
-144.343   4750
-144.149   4781.25
-144.379   4812.5
-144.514   4843.75
-144.602   4875
-144.32   4906.25
-144.196   4937.5
-144.567   4968.75
-144.978   5000
-145.002   5031.25
-144.637   5062.5
-144.514   5093.75
-144.631   5125
-144.467   5156.25
-144.655   5187.5
-144.726   5218.75
-144.555   5250
-144.655   5281.25
-145.237   5312.5
-145.413   5343.75
-144.614   5375
-144.396   5406.25
-144.543   5437.5
-145.078   5468.75
-145.296   5500
-144.802   5531.25
-144.449   5562.5
-144.29   5593.75
-144.402   5625
-144.496   5656.25
-144.673   5687.5
-144.696   5718.75
-144.502   5750
-144.167   5781.25
-144.002   5812.5
-144.432   5843.75
-144.579   5875
-144.296   5906.25
-144.185   5937.5
-144.631   5968.75
-144.802   6000
-144.673   6031.25
-144.708   6062.5
-144.614   6093.75
-144.39   6125
-144.767   6156.25
-145.178   6187.5
-145.29   6218.75
-144.902   6250
-144.596   6281.25
-144.584   6312.5
-144.814   6343.75
-144.708   6375
-144.32   6406.25
-144.408   6437.5
-144.602   6468.75
-144.561   6500
-144.602   6531.25
-144.608   6562.5
-144.537   6593.75
-144.608   6625
-144.778   6656.25
-145.037   6687.5
-144.696   6718.75
-144.455   6750
-144.62   6781.25
-144.531   6812.5
-144.396   6843.75
-144.473   6875
-144.561   6906.25
-144.649   6937.5
-144.655   6968.75
-144.661   7000
-144.261   7031.25
-144.238   7062.5
-144.873   7093.75
-144.89   7125
-144.355   7156.25
-144.132   7187.5
-144.185   7218.75
-144.508   7250
-144.925   7281.25
-145.014   7312.5
-144.749   7343.75
-144.59   7375
-144.567   7406.25
-144.132   7437.5
-144.091   7468.75
-144.22   7500
-144.484   7531.25
-144.861   7562.5
-144.708   7593.75
-144.249   7625
-143.791   7656.25
-143.638   7687.5
-143.238   7718.75
-141.586   7750
-134.719   7781.25
-131.526   7812.5
-134.501   7843.75
-141.651   7875
-143.92   7906.25
-144.014   7937.5
-144.143   7968.75
-144.208   8000
-144.443   8031.25
-144.643   8062.5
-144.567   8093.75
-144.367   8125
-144.238   8156.25
-144.432   8187.5
-144.743   8218.75
-144.978   8250
-144.602   8281.25
-144.232   8312.5
-144.52   8343.75
-144.908   8375
-144.537   8406.25
-143.808   8437.5
-144.114   8468.75
-144.767   8500
-144.843   8531.25
-144.649   8562.5
-144.549   8593.75
-144.743   8625
-144.696   8656.25
-144.49   8687.5
-144.514   8718.75
-144.72   8750
-144.355   8781.25
-143.961   8812.5
-144.185   8843.75
-144.643   8875
-144.737   8906.25
-144.461   8937.5
-144.096   8968.75
-144.179   9000
-144.673   9031.25
-145.125   9062.5
-145.008   9093.75
-144.825   9125
-144.873   9156.25
-145.108   9187.5
-145.002   9218.75
-144.79   9250
-144.914   9281.25
-145.29   9312.5
-145.225   9343.75
-144.796   9375
-144.708   9406.25
-144.914   9437.5
-144.884   9468.75
-144.537   9500
-144.326   9531.25
-144.332   9562.5
-144.484   9593.75
-144.608   9625
-144.567   9656.25
-144.931   9687.5
-144.831   9718.75
-144.502   9750
-144.69   9781.25
-145.114   9812.5
-145.284   9843.75
-145.178   9875
-144.696   9906.25
-144.702   9937.5
-145.019   9968.75
-145.219   10000
-145.019   10031.3
-144.69   10062.5
-144.249   10093.8
-144.484   10125
-144.937   10156.3
-144.949   10187.5
-144.614   10218.8
-144.414   10250
-144.443   10281.3
-144.59   10312.5
-144.467   10343.8
-144.678   10375
-144.873   10406.3
-144.831   10437.5
-144.749   10468.8
-144.62   10500
-144.432   10531.3
-144.537   10562.5
-144.567   10593.8
-144.667   10625
-144.902   10656.3
-144.755   10687.5
-144.708   10718.8
-144.761   10750
-144.426   10781.3
-144.185   10812.5
-144.273   10843.8
-144.573   10875
-145.049   10906.3
-145.125   10937.5
-144.461   10968.8
-144.043   11000
-144.008   11031.3
-144.243   11062.5
-144.708   11093.8
-144.814   11125
-144.631   11156.3
-144.714   11187.5
-144.784   11218.8
-144.896   11250
-144.855   11281.3
-144.608   11312.5
-144.643   11343.8
-144.726   11375
-144.567   11406.3
-144.661   11437.5
-144.661   11468.8
-144.543   11500
-144.026   11531.3
-143.691   11562.5
-142.75   11593.8
-140.21   11625
-139.881   11656.3
-140.88   11687.5
-140.433   11718.8
-142.409   11750
-144.308   11781.3
-144.326   11812.5
-144.69   11843.8
-144.484   11875
-144.696   11906.3
-145.108   11937.5
-145.155   11968.8
-144.784   12000
-144.479   12031.3
-144.667   12062.5
-144.596   12093.8
-144.573   12125
-144.902   12156.3
-144.673   12187.5
-144.343   12218.8
-144.337   12250
-144.69   12281.3
-145.09   12312.5
-145.055   12343.8
-144.831   12375
-144.82   12406.3
-145.19   12437.5
-144.802   12468.8
