%01/23/2018 7:36 PM

-66.9849   0
-70.3245   250
-81.0898   500
-102.72   750
-137.886   1000
-137.662   1250
-137.068   1500
-136.816   1750
-136.58   2000
-136.022   2250
-137.21   2500
-138.221   2750
-137.733   3000
-135.64   3250
-134.346   3500
-135.516   3750
-137.239   4000
-137.033   4250
-138.391   4500
-137.257   4750
-135.863   5000
-135.957   5250
-137.333   5500
-137.362   5750
-136.257   6000
-135.481   6250
-135.74   6500
-137.092   6750
-138.674   7000
-137.88   7250
-138.497   7500
-137.351   7750
-135.828   8000
-135.534   8250
-136.563   8500
-138.485   8750
-138.08   9000
-136.245   9250
-135.951   9500
-136.445   9750
-136.416   10000
-136.245   10250
-135.052   10500
-134.611   10750
-136.01   11000
-137.762   11250
-137.098   11500
-137.956   11750
-138.215   12000
-137.368   12250
-137.274   12500
-137.827   12750
-138.156   13000
-136.986   13250
-137.057   13500
-137.956   13750
-136.287   14000
-134.84   14250
-134.84   14500
-136.098   14750
-137.709   15000
-139.35   15250
-137.11   15500
-135.54   15750
-137.174   16000
-137.792   16250
-137.092   16500
-136.081   16750
-137.451   17000
-138.215   17250
-136.58   17500
-136.398   17750
-137.051   18000
-137.027   18250
-137.592   18500
-137.245   18750
-137.398   19000
-137.427   19250
-136.704   19500
-137.186   19750
-137.692   20000
-138.503   20250
-137.415   20500
-136.281   20750
-136.169   21000
-137.727   21250
-138.809   21500
-138.691   21750
-137.462   22000
-136.61   22250
-136.998   22500
-136.04   22750
-135.452   23000
-135.293   23250
-135.487   23500
-135.987   23750
-135.957   24000
-136.192   24250
-136.451   24500
-136.163   24750
-137.221   25000
-138.256   25250
-138.662   25500
-138.868   25750
-137.48   26000
-136.481   26250
-136.786   26500
-136.457   26750
-135.699   27000
-136.269   27250
-137.815   27500
-137.845   27750
-136.857   28000
-137.58   28250
-136.986   28500
-136.663   28750
-136.192   29000
-135.481   29250
-135.075   29500
-137.227   29750
-138.033   30000
-137.98   30250
-138.597   30500
-137.233   30750
-136.134   31000
-134.676   31250
-134.899   31500
-135.893   31750
-136.234   32000
-136.016   32250
-135.152   32500
-135.146   32750
-135.393   33000
-136.198   33250
-137.733   33500
-136.839   33750
-135.358   34000
-136.063   34250
-136.71   34500
-136.933   34750
-137.939   35000
-139.755   35250
-139.661   35500
-139.167   35750
-137.933   36000
-136.745   36250
-136.822   36500
-138.186   36750
-137.633   37000
-136.157   37250
-136.028   37500
-136.98   37750
-137.139   38000
-136.816   38250
-137.004   38500
-136.88   38750
-137.21   39000
-137.31   39250
-136.463   39500
-135.898   39750
-136.498   40000
-136.551   40250
-135.311   40500
-134.928   40750
-135.322   41000
-136.116   41250
-136.457   41500
-136.092   41750
-136.651   42000
-137.31   42250
-137.268   42500
-136.557   42750
-136.569   43000
-136.404   43250
-135.881   43500
-135.669   43750
-135.675   44000
-135.24   44250
-134.846   44500
-135.887   44750
-136.663   45000
-136.616   45250
-137.057   45500
-138.127   45750
-138.168   46000
-138.421   46250
-138.509   46500
-138.139   46750
-137.974   47000
-139.573   47250
-139.385   47500
-137.298   47750
-136.575   48000
-136.516   48250
-137.333   48500
-136.751   48750
-135.793   49000
-136.628   49250
-137.839   49500
-137.733   49750
-136.98   50000
-136.698   50250
-136.633   50500
-136.392   50750
-136.657   51000
-136.874   51250
-136.087   51500
-136.157   51750
-137.933   52000
-137.586   52250
-137.104   52500
-136.78   52750
-135.487   53000
-134.928   53250
-136.198   53500
-137.074   53750
-137.298   54000
-137.386   54250
-137.415   54500
-137.045   54750
-136.698   55000
-137.556   55250
-136.68   55500
-136.21   55750
-137.245   56000
-138.121   56250
-139.332   56500
-139.167   56750
-136.757   57000
-135.769   57250
-136.128   57500
-136.539   57750
-136.81   58000
-136.839   58250
-136.657   58500
-136.04   58750
-136.804   59000
-138.003   59250
-138.668   59500
-139.385   59750
-138.015   60000
-136.757   60250
-136.969   60500
-136.375   60750
-136.398   61000
-137.521   61250
-138.503   61500
-137.703   61750
-136.904   62000
-135.563   62250
-135.41   62500
-136.316   62750
-137.039   63000
-136.81   63250
-136.61   63500
-137.504   63750
-137.192   64000
-137.48   64250
-137.921   64500
-137.833   64750
-136.68   65000
-136.145   65250
-136.134   65500
-137.409   65750
-137.221   66000
-136.78   66250
-137.016   66500
-136.628   66750
-136.774   67000
-136.727   67250
-136.61   67500
-136.404   67750
-135.881   68000
-136.575   68250
-137.745   68500
-137.286   68750
-136.892   69000
-137.051   69250
-137.798   69500
-137.874   69750
-137.315   70000
-136.539   70250
-137.092   70500
-138.95   70750
-139.832   71000
-139.267   71250
-137.968   71500
-137.762   71750
-136.657   72000
-136.774   72250
-138.75   72500
-139.085   72750
-137.774   73000
-136.969   73250
-137.139   73500
-136.869   73750
-136.774   74000
-137.868   74250
-137.562   74500
-136.604   74750
-135.61   75000
-136.116   75250
-137.362   75500
-136.851   75750
-135.993   76000
-135.916   76250
-136.98   76500
-137.086   76750
-136.692   77000
-136.398   77250
-136.051   77500
-136.192   77750
-135.51   78000
-137.074   78250
-138.186   78500
-137.909   78750
-138.38   79000
-136.533   79250
-136.157   79500
-137.298   79750
-137.021   80000
-136.357   80250
-137.298   80500
-137.762   80750
-137.486   81000
-137.568   81250
-136.745   81500
-136.921   81750
-137.345   82000
-136.022   82250
-136.927   82500
-137.204   82750
-138.638   83000
-139.949   83250
-138.921   83500
-138.879   83750
-137.656   84000
-136.245   84250
-135.552   84500
-135.387   84750
-136.604   85000
-137.368   85250
-136.598   85500
-135.84   85750
-136.01   86000
-136.316   86250
-136.316   86500
-138.203   86750
-138.315   87000
-137.509   87250
-138.256   87500
-138.491   87750
-138.168   88000
-136.892   88250
-136.298   88500
-136.839   88750
-138.338   89000
-137.492   89250
-136.445   89500
-136.451   89750
-136.675   90000
-136.992   90250
-137.451   90500
-136.481   90750
-135.793   91000
-136.169   91250
-137.674   91500
-138.744   91750
-138.433   92000
-138.344   92250
-137.086   92500
-136.475   92750
-135.728   93000
-136.01   93250
-136.516   93500
-136.68   93750
-137.703   94000
-138.103   94250
-137.721   94500
-137.327   94750
-136.727   95000
-136.369   95250
-137.01   95500
-138.65   95750
-136.851   96000
-135.04   96250
-135.622   96500
-136.004   96750
-137.498   97000
-138.95   97250
-137.892   97500
-137.962   97750
-138.362   98000
-138.139   98250
-137.58   98500
-137.168   98750
-136.357   99000
-136.116   99250
-136.275   99500
-136.239   99750
