%01/24/2018 12:06 PM

-50.54   0
-53.6855   250
-63.4514   500
-79.2437   750
-89.8738   1000
-91.2555   1250
-91.5201   1500
-89.8209   1750
-87.6219   2000
-86.6989   2250
-87.1927   2500
-89.0565   2750
-91.6376   3000
-93.9424   3250
-96.2942   3500
-98.5754   3750
-100.157   4000
-100.68   4250
-100.833   4500
-101.868   4750
-102.744   5000
-103.009   5250
-103.056   5500
-102.515   5750
-102.715   6000
-103.843   6250
-104.614   6500
-104.919   6750
-105.36   7000
-105.213   7250
-104.743   7500
-105.102   7750
-104.731   8000
-105.313   8250
-105.819   8500
-105.372   8750
-105.931   9000
-106.771   9250
-106.666   9500
-106.789   9750
-106.46   10000
-106.866   10250
-107.042   10500
-106.736   10750
-106.883   11000
-107.736   11250
-107.941   11500
-107.794   11750
-107.765   12000
-107.383   12250
-107.312   12500
-107.418   12750
-107.383   13000
-107.336   13250
-107.406   13500
-107.577   13750
-108.165   14000
-108.506   14250
-107.941   14500
-107.836   14750
-108.812   15000
-108.135   15250
-107.254   15500
-107.559   15750
-107.465   16000
-107.577   16250
-108.271   16500
-108.224   16750
-107.636   17000
-107.154   17250
-107.177   17500
-107.765   17750
-108.424   18000
-108.565   18250
-108.365   18500
-108.006   18750
-107.912   19000
-107.642   19250
-107.418   19500
-107.412   19750
-107.318   20000
-107.389   20250
-107.501   20500
-107.483   20750
-107.242   21000
-107.289   21250
-107.418   21500
-107.042   21750
-106.783   22000
-106.989   22250
-107.242   22500
-107.036   22750
-107.271   23000
-107.171   23250
-106.818   23500
-107.43   23750
-107.736   24000
-107.689   24250
-107.518   24500
-107.007   24750
-106.719   25000
-106.824   25250
-106.595   25500
-106.624   25750
-107.289   26000
-107.401   26250
-106.983   26500
-106.577   26750
-106.307   27000
-105.995   27250
-105.754   27500
-106.142   27750
-106.783   28000
-106.989   28250
-107.301   28500
-106.589   28750
-106.019   29000
-106.372   29250
-106.624   29500
-106.766   29750
-106.354   30000
-105.942   30250
-105.596   30500
-105.425   30750
-105.155   31000
-105.331   31250
-105.801   31500
-105.86   31750
-106.042   32000
-106.095   32250
-105.672   32500
-105.46   32750
-105.578   33000
-105.801   33250
-105.49   33500
-105.149   33750
-105.043   34000
-105.002   34250
-105.625   34500
-106.607   34750
-106.742   35000
-106.013   35250
-105.872   35500
-105.772   35750
-105.549   36000
-105.431   36250
-105.449   36500
-105.643   36750
-105.79   37000
-105.654   37250
-105.596   37500
-105.384   37750
-105.319   38000
-105.119   38250
-105.249   38500
-105.648   38750
-105.631   39000
-104.796   39250
-104.443   39500
-104.819   39750
-104.614   40000
-104.767   40250
-105.16   40500
-105.496   40750
-105.137   41000
-105.16   41250
-104.972   41500
-104.819   41750
-105.213   42000
-105.396   42250
-104.778   42500
-104.637   42750
-104.796   43000
-104.49   43250
-104.22   43500
-104.431   43750
-105.19   44000
-105.666   44250
-104.914   44500
-104.179   44750
-104.584   45000
-104.966   45250
-104.796   45500
-104.761   45750
-104.273   46000
-104.102   46250
-104.79   46500
-105.061   46750
-104.631   47000
-104.361   47250
-104.455   47500
-104.59   47750
-104.578   48000
-104.637   48250
-104.537   48500
-104.837   48750
-105.013   49000
-104.808   49250
-104.637   49500
-104.996   49750
-105.795   50000
-105.307   50250
-104.696   50500
-104.825   50750
-104.955   51000
-104.59   51250
-104.378   51500
-104.373   51750
-103.885   52000
-103.761   52250
-104.373   52500
-104.625   52750
-104.808   53000
-105.231   53250
-105.302   53500
-105.231   53750
-105.102   54000
-104.937   54250
-104.778   54500
-105.202   54750
-105.419   55000
-105.037   55250
-104.743   55500
-104.373   55750
-104.296   56000
-104.743   56250
-105.178   56500
-104.984   56750
-104.255   57000
-103.867   57250
-104.037   57500
-104.302   57750
-104.184   58000
-104.243   58250
-104.784   58500
-105.149   58750
-104.743   59000
-104.396   59250
-104.655   59500
-104.837   59750
-104.749   60000
-105.155   60250
-104.649   60500
-102.074   60750
-101.621   61000
-103.42   61250
-104.026   61500
-103.943   61750
-102.732   62000
-101.98   62250
-103.044   62500
-104.702   62750
-104.955   63000
-104.914   63250
-105.102   63500
-105.155   63750
-104.802   64000
-104.249   64250
-103.908   64500
-104.431   64750
-105.09   65000
-105.025   65250
-105.213   65500
-105.431   65750
-104.778   66000
-104.167   66250
-104.643   66500
-105.143   66750
-104.525   67000
-103.461   67250
-103.561   67500
-104.496   67750
-105.143   68000
-105.29   68250
-104.902   68500
-104.737   68750
-104.725   69000
-104.637   69250
-104.508   69500
-104.678   69750
-104.837   70000
-104.667   70250
-104.355   70500
-104.349   70750
-104.749   71000
-105.102   71250
-104.72   71500
-104.62   71750
-104.461   72000
-104.108   72250
-104.496   72500
-104.625   72750
-104.737   73000
-104.567   73250
-104.143   73500
-104.22   73750
-104.531   74000
-104.819   74250
-104.784   74500
-104.908   74750
-104.625   75000
-104.602   75250
-105.184   75500
-105.59   75750
-105.56   76000
-104.955   76250
-104.578   76500
-104.996   76750
-104.925   77000
-104.631   77250
-105.002   77500
-104.902   77750
-104.925   78000
-105.213   78250
-105.507   78500
-105.219   78750
-104.496   79000
-104.543   79250
-105.084   79500
-105.172   79750
-105.29   80000
-104.89   80250
-104.631   80500
-104.731   80750
-104.602   81000
-104.484   81250
-104.237   81500
-104.067   81750
-104.431   82000
-105.219   82250
-105.772   82500
-105.501   82750
-105.578   83000
-105.578   83250
-105.078   83500
-104.878   83750
-104.978   84000
-104.914   84250
-104.849   84500
-104.925   84750
-104.72   85000
-104.896   85250
-105.325   85500
-105.601   85750
-105.572   86000
-105.208   86250
-104.855   86500
-104.755   86750
-105.025   87000
-105.29   87250
-105.36   87500
-105.09   87750
-104.984   88000
-105.36   88250
-105.272   88500
-105.466   88750
-105.402   89000
-104.725   89250
-104.508   89500
-104.72   89750
-104.825   90000
-104.743   90250
-104.649   90500
-104.772   90750
-104.814   91000
-104.402   91250
-104.308   91500
-104.561   91750
-104.426   92000
-104.232   92250
-104.661   92500
-105.26   92750
-105.049   93000
-104.531   93250
-104.678   93500
-105.19   93750
-105.131   94000
-104.984   94250
-104.808   94500
-104.355   94750
-104.508   95000
-105.096   95250
-105.754   95500
-105.76   95750
-105.296   96000
-105.237   96250
-105.601   96500
-106.025   96750
-106.207   97000
-105.772   97250
-105.454   97500
-105.49   97750
-105.554   98000
-105.102   98250
-104.943   98500
-105.49   98750
-105.519   99000
-104.978   99250
-104.808   99500
-104.931   99750
