%01/24/2018 12:10 PM

-49.0054   0
-51.8688   31.25
-59.7943   62.5
-67.4612   93.75
-69.6601   125
-73.7875   156.25
-80.2255   187.5
-83.5592   218.75
-85.035   250
-86.5813   281.25
-86.7283   312.5
-86.0756   343.75
-87.522   375
-91.1496   406.25
-91.1614   437.5
-92.061   468.75
-93.2957   500
-93.6837   531.25
-93.4485   562.5
-92.7547   593.75
-94.4892   625
-96.5059   656.25
-96.1061   687.5
-95.4711   718.75
-96.0002   750
-95.4711   781.25
-95.7356   812.5
-95.9708   843.75
-97.3231   875
-97.5642   906.25
-96.306   937.5
-95.8121   968.75
-96.5117   1000
-96.5823   1031.25
-96.4706   1062.5
-97.0115   1093.75
-98.2227   1125
-97.9228   1156.25
-97.8581   1187.5
-98.1933   1218.75
-98.1698   1250
-98.1639   1281.25
-98.1462   1312.5
-97.9934   1343.75
-97.4054   1375
-97.1526   1406.25
-97.2526   1437.5
-97.5583   1468.75
-98.0228   1500
-97.2349   1531.25
-96.3765   1562.5
-96.9997   1593.75
-97.57   1625
-97.8287   1656.25
-98.058   1687.5
-98.4402   1718.75
-98.2344   1750
-98.4755   1781.25
-98.7636   1812.5
-98.2815   1843.75
-97.9052   1875
-98.1756   1906.25
-98.305   1937.5
-97.5818   1968.75
-97.0703   2000
-97.1938   2031.25
-97.9463   2062.5
-98.0404   2093.75
-97.8817   2125
-98.3461   2156.25
-99.1281   2187.5
-98.7989   2218.75
-97.4819   2250
-97.2643   2281.25
-98.8694   2312.5
-99.7631   2343.75
-98.5754   2375
-97.4701   2406.25
-98.1051   2437.5
-100.01   2468.75
-101.11   2500
-101.762   2531.25
-102.356   2562.5
-101.744   2593.75
-100.768   2625
-101.074   2656.25
-101.792   2687.5
-102.203   2718.75
-102.756   2750
-102.027   2781.25
-101.421   2812.5
-101.944   2843.75
-102.879   2875
-103.203   2906.25
-103.714   2937.5
-104.502   2968.75
-104.737   3000
-104.32   3031.25
-104.284   3062.5
-104.396   3093.75
-104.602   3125
-104.966   3156.25
-105.031   3187.5
-104.902   3218.75
-104.955   3250
-105.613   3281.25
-106.236   3312.5
-106.442   3343.75
-106.466   3375
-106.754   3406.25
-106.689   3437.5
-106.889   3468.75
-107.859   3500
-108.183   3531.25
-108.165   3562.5
-108.106   3593.75
-108.671   3625
-108.929   3656.25
-108.688   3687.5
-108.77   3718.75
-109.17   3750
-109.594   3781.25
-109.77   3812.5
-109.388   3843.75
-109.335   3875
-109.288   3906.25
-109.059   3937.5
-109.617   3968.75
-110.623   4000
-110.47   4031.25
-110.099   4062.5
-110.223   4093.75
-110.334   4125
-111.081   4156.25
-111.087   4187.5
-110.464   4218.75
-110.799   4250
-111.193   4281.25
-111.111   4312.5
-111.293   4343.75
-111.71   4375
-112.522   4406.25
-112.151   4437.5
-111.64   4468.75
-111.94   4500
-111.945   4531.25
-111.234   4562.5
-110.864   4593.75
-111.263   4625
-111.493   4656.25
-111.916   4687.5
-112.245   4718.75
-112.063   4750
-112.128   4781.25
-112.516   4812.5
-112.486   4843.75
-112.633   4875
-112.763   4906.25
-112.78   4937.5
-112.38   4968.75
-112.516   5000
-112.974   5031.25
-112.951   5062.5
-113.027   5093.75
-113.433   5125
-113.456   5156.25
-113.351   5187.5
-113.268   5218.75
-112.98   5250
-112.645   5281.25
-112.839   5312.5
-113.633   5343.75
-113.427   5375
-112.704   5406.25
-112.51   5437.5
-112.763   5468.75
-112.833   5500
-112.839   5531.25
-113.004   5562.5
-113.262   5593.75
-113.063   5625
-112.857   5656.25
-113.398   5687.5
-114.238   5718.75
-113.715   5750
-113.568   5781.25
-113.739   5812.5
-113.421   5843.75
-112.868   5875
-113.18   5906.25
-113.309   5937.5
-113.004   5968.75
-112.945   6000
-113.486   6031.25
-113.827   6062.5
-114.321   6093.75
-114.609   6125
-114.138   6156.25
-114.033   6187.5
-114.268   6218.75
-114.033   6250
-113.697   6281.25
-114.238   6312.5
-114.338   6343.75
-114.08   6375
-114.091   6406.25
-113.868   6437.5
-114.033   6468.75
-114.397   6500
-114.197   6531.25
-113.939   6562.5
-113.933   6593.75
-114.044   6625
-114.35   6656.25
-114.932   6687.5
-115.185   6718.75
-114.638   6750
-114.362   6781.25
-114.25   6812.5
-114.268   6843.75
-114.35   6875
-114.779   6906.25
-114.897   6937.5
-114.715   6968.75
-114.427   7000
-115.109   7031.25
-115.814   7062.5
-115.356   7093.75
-114.991   7125
-114.985   7156.25
-114.915   7187.5
-114.809   7218.75
-115.244   7250
-115.661   7281.25
-115.373   7312.5
-115.144   7343.75
-115.614   7375
-115.632   7406.25
-115.226   7437.5
-115.308   7468.75
-115.579   7500
-115.573   7531.25
-115.156   7562.5
-114.632   7593.75
-114.303   7625
-114.309   7656.25
-114.615   7687.5
-114.726   7718.75
-114.891   7750
-114.909   7781.25
-115.073   7812.5
-115.12   7843.75
-115.338   7875
-115.485   7906.25
-115.185   7937.5
-115.72   7968.75
-116.49   8000
-115.802   8031.25
-114.973   8062.5
-114.915   8093.75
-115.15   8125
-115.126   8156.25
-115.297   8187.5
-116.008   8218.75
-116.22   8250
-115.861   8281.25
-115.303   8312.5
-115.32   8343.75
-115.567   8375
-115.214   8406.25
-115.003   8437.5
-115.508   8468.75
-115.873   8500
-116.085   8531.25
-116.096   8562.5
-116.326   8593.75
-116.314   8625
-115.908   8656.25
-115.532   8687.5
-115.279   8718.75
-115.426   8750
-115.655   8781.25
-115.732   8812.5
-115.896   8843.75
-115.744   8875
-115.479   8906.25
-115.585   8937.5
-115.908   8968.75
-116.108   9000
-116.267   9031.25
-115.914   9062.5
-116.126   9093.75
-116.455   9125
-115.62   9156.25
-115.156   9187.5
-115.356   9218.75
-115.702   9250
-115.461   9281.25
-115.385   9312.5
-115.932   9343.75
-116.649   9375
-116.414   9406.25
-115.591   9437.5
-115.538   9468.75
-115.99   9500
-116.402   9531.25
-116.702   9562.5
-116.69   9593.75
-116.643   9625
-116.467   9656.25
-116.126   9687.5
-116.085   9718.75
-116.255   9750
-115.697   9781.25
-115.326   9812.5
-116.132   9843.75
-116.82   9875
-116.22   9906.25
-116.049   9937.5
-116.349   9968.75
-116.349   10000
-116.402   10031.3
-116.696   10062.5
-116.696   10093.8
-116.032   10125
-116.161   10156.3
-116.767   10187.5
-116.502   10218.8
-116.179   10250
-116.39   10281.3
-116.508   10312.5
-116.496   10343.8
-116.567   10375
-116.302   10406.3
-116.608   10437.5
-117.113   10468.8
-117.066   10500
-116.831   10531.3
-116.502   10562.5
-116.155   10593.8
-116.49   10625
-116.243   10656.3
-115.702   10687.5
-115.844   10718.8
-116.196   10750
-116.337   10781.3
-116.661   10812.5
-116.855   10843.8
-116.843   10875
-116.661   10906.3
-116.337   10937.5
-116.508   10968.8
-116.925   11000
-116.89   11031.3
-116.914   11062.5
-116.725   11093.8
-116.778   11125
-116.825   11156.3
-116.867   11187.5
-116.814   11218.8
-116.837   11250
-116.955   11281.3
-116.955   11312.5
-116.731   11343.8
-116.631   11375
-116.725   11406.3
-116.99   11437.5
-117.19   11468.8
-117.425   11500
-117.26   11531.3
-117.425   11562.5
-117.266   11593.8
-116.637   11625
-116.725   11656.3
-117.302   11687.5
-117.125   11718.8
-117.172   11750
-117.613   11781.3
-117.09   11812.5
-116.808   11843.8
-116.996   11875
-117.19   11906.3
-116.808   11937.5
-116.655   11968.8
-117.219   12000
-117.002   12031.3
-116.396   12062.5
-116.608   12093.8
-117.372   12125
-117.601   12156.3
-117.666   12187.5
-117.578   12218.8
-117.043   12250
-116.731   12281.3
-116.684   12312.5
-116.561   12343.8
-116.631   12375
-116.966   12406.3
-117.59   12437.5
-118.231   12468.8
