%01/23/2018 7:32 PM

-69.225   0
-72.5469   31.25
-83.1653   62.5
-102.256   93.75
-118.383   125
-135.416   156.25
-138.262   187.5
-140.249   218.75
-139.873   250
-139.062   281.25
-139.379   312.5
-140.808   343.75
-141.631   375
-143.024   406.25
-142.672   437.5
-141.396   468.75
-141.854   500
-141.766   531.25
-142.442   562.5
-143.301   593.75
-143.195   625
-142.883   656.25
-143.107   687.5
-144.524   718.75
-144.247   750
-142.507   781.25
-142.648   812.5
-143.507   843.75
-144.159   875
-144.347   906.25
-143.93   937.5
-143.283   968.75
-142.73   1000
-143.671   1031.25
-144.677   1062.5
-144.53   1093.75
-143.371   1125
-143.524   1156.25
-145.306   1187.5
-145.582   1218.75
-144.677   1250
-144.865   1281.25
-145.37   1312.5
-145.605   1343.75
-145.335   1375
-145.294   1406.25
-144.118   1437.5
-143.054   1468.75
-143.789   1500
-143.842   1531.25
-144.118   1562.5
-143.842   1593.75
-144.036   1625
-144.406   1656.25
-145.035   1687.5
-145.153   1718.75
-145.129   1750
-145.076   1781.25
-144.33   1812.5
-144.347   1843.75
-145.076   1875
-145.958   1906.25
-147.034   1937.5
-146.235   1968.75
-144.618   2000
-144.953   2031.25
-144.806   2062.5
-144.271   2093.75
-144.312   2125
-144.065   2156.25
-146.064   2187.5
-146.064   2218.75
-144.371   2250
-143.36   2281.25
-143.095   2312.5
-144.118   2343.75
-145.276   2375
-145.076   2406.25
-145.165   2437.5
-145.041   2468.75
-144.812   2500
-144.806   2531.25
-143.93   2562.5
-144.812   2593.75
-145.482   2625
-143.865   2656.25
-143.054   2687.5
-144.641   2718.75
-146.111   2750
-144.712   2781.25
-143.924   2812.5
-144.818   2843.75
-147.258   2875
-147.358   2906.25
-146.052   2937.5
-146.505   2968.75
-146.975   3000
-146.423   3031.25
-146.476   3062.5
-146.44   3093.75
-146.875   3125
-146.17   3156.25
-144.947   3187.5
-145.852   3218.75
-147.769   3250
-148.04   3281.25
-146.152   3312.5
-145.065   3343.75
-145.317   3375
-146.511   3406.25
-148.004   3437.5
-147.569   3468.75
-146.746   3500
-145.605   3531.25
-144.912   3562.5
-144.653   3593.75
-145.147   3625
-145.97   3656.25
-147.328   3687.5
-146.093   3718.75
-145.264   3750
-145.417   3781.25
-144.976   3812.5
-145.159   3843.75
-146.47   3875
-146.617   3906.25
-145.794   3937.5
-144.706   3968.75
-144.653   4000
-145.053   4031.25
-144.718   4062.5
-145.129   4093.75
-146.77   4125
-145.823   4156.25
-144.682   4187.5
-144.094   4218.75
-143.795   4250
-144.283   4281.25
-145.911   4312.5
-145.553   4343.75
-145.17   4375
-146.84   4406.25
-148.669   4437.5
-145.658   4468.75
-144.353   4500
-144.994   4531.25
-144.512   4562.5
-144.759   4593.75
-144.971   4625
-145.012   4656.25
-146.235   4687.5
-145.364   4718.75
-144.2   4750
-144.624   4781.25
-144.477   4812.5
-144.577   4843.75
-144.547   4875
-145.741   4906.25
-145.576   4937.5
-145.453   4968.75
-147.211   5000
-145.852   5031.25
-144.288   5062.5
-145.941   5093.75
-145.823   5125
-146.041   5156.25
-145.97   5187.5
-145.511   5218.75
-145.335   5250
-145.988   5281.25
-145.664   5312.5
-144.353   5343.75
-144.006   5375
-145.059   5406.25
-145.811   5437.5
-147.463   5468.75
-146.911   5500
-145.476   5531.25
-145.747   5562.5
-144.412   5593.75
-142.983   5625
-144.471   5656.25
-145.852   5687.5
-144.136   5718.75
-143.365   5750
-144.336   5781.25
-145.388   5812.5
-145.988   5843.75
-145.423   5875
-145.3   5906.25
-145.464   5937.5
-145.711   5968.75
-145.053   6000
-145.153   6031.25
-145.37   6062.5
-145.065   6093.75
-144.888   6125
-144.818   6156.25
-145.6   6187.5
-145.5   6218.75
-145.165   6250
-144.824   6281.25
-145.112   6312.5
-145.541   6343.75
-145.117   6375
-146.017   6406.25
-147.346   6437.5
-145.982   6468.75
-144.294   6500
-144.124   6531.25
-144.747   6562.5
-144.494   6593.75
-145.094   6625
-146.352   6656.25
-146.34   6687.5
-145.882   6718.75
-144   6750
-143.442   6781.25
-144.635   6812.5
-146.188   6843.75
-147.64   6875
-147.352   6906.25
-144.735   6937.5
-144.582   6968.75
-145.647   7000
-145.688   7031.25
-145.112   7062.5
-144.653   7093.75
-143.783   7125
-142.836   7156.25
-142.73   7187.5
-143.218   7218.75
-145.165   7250
-145.541   7281.25
-145.847   7312.5
-145.817   7343.75
-146.023   7375
-145.653   7406.25
-145.682   7437.5
-145.423   7468.75
-145.065   7500
-145.217   7531.25
-145.264   7562.5
-144.147   7593.75
-144.271   7625
-144.994   7656.25
-144.394   7687.5
-144.518   7718.75
-144.794   7750
-145.394   7781.25
-146.458   7812.5
-146.193   7843.75
-145.4   7875
-144.53   7906.25
-144.359   7937.5
-146.276   7968.75
-146.805   8000
-146.405   8031.25
-145.37   8062.5
-145.023   8093.75
-144.976   8125
-144.765   8156.25
-144.923   8187.5
-143.853   8218.75
-144.177   8250
-146.123   8281.25
-146.17   8312.5
-145.482   8343.75
-144.518   8375
-144.7   8406.25
-145.547   8437.5
-145.588   8468.75
-145.329   8500
-144.318   8531.25
-143.542   8562.5
-143.577   8593.75
-145.1   8625
-146.182   8656.25
-145.453   8687.5
-145.253   8718.75
-146.34   8750
-144.9   8781.25
-144.835   8812.5
-146.687   8843.75
-147.487   8875
-146.229   8906.25
-145.958   8937.5
-146.387   8968.75
-146.099   9000
-144.912   9031.25
-144.959   9062.5
-145.676   9093.75
-145.182   9125
-144.394   9156.25
-144.841   9187.5
-144.865   9218.75
-144.606   9250
-143.383   9281.25
-143.8   9312.5
-145.752   9343.75
-145.952   9375
-145.082   9406.25
-144.953   9437.5
-145.611   9468.75
-146.529   9500
-146.517   9531.25
-146.135   9562.5
-145.464   9593.75
-144.735   9625
-144.541   9656.25
-144.224   9687.5
-143.683   9718.75
-144.053   9750
-143.848   9781.25
-144.383   9812.5
-145.523   9843.75
-145.817   9875
-144.159   9906.25
-143.853   9937.5
-143.93   9968.75
-144.471   10000
-145.87   10031.3
-144.935   10062.5
-145.223   10093.8
-146.229   10125
-145.911   10156.3
-145.117   10187.5
-145.094   10218.8
-145.77   10250
-144.888   10281.3
-144.577   10312.5
-145.817   10343.8
-145.617   10375
-145.329   10406.3
-145.688   10437.5
-144.947   10468.8
-143.936   10500
-144.236   10531.3
-144.7   10562.5
-145.658   10593.8
-146.317   10625
-145.694   10656.3
-145.476   10687.5
-145.006   10718.8
-144.353   10750
-144.477   10781.3
-145.023   10812.5
-145.541   10843.8
-145.705   10875
-145.823   10906.3
-144.988   10937.5
-146.235   10968.8
-147.593   11000
-146.817   11031.3
-145.758   11062.5
-145.388   11093.8
-145.558   11125
-145.547   11156.3
-144.524   11187.5
-144.459   11218.8
-146.246   11250
-146.164   11281.3
-145.335   11312.5
-145.641   11343.8
-146.899   11375
-147.528   11406.3
-145.035   11437.5
-143.736   11468.8
-143.518   11500
-143.489   11531.3
-143.748   11562.5
-144.494   11593.8
-145.553   11625
-145.835   11656.3
-145.1   11687.5
-143.83   11718.8
-145.17   11750
-146.152   11781.3
-146.323   11812.5
-147.605   11843.8
-145.106   11875
-143.889   11906.3
-144.377   11937.5
-144.435   11968.8
-144.5   12000
-145.417   12031.3
-145.617   12062.5
-145.112   12093.8
-145.453   12125
-145.282   12156.3
-145.8   12187.5
-146.44   12218.8
-145.17   12250
-145.406   12281.3
-145.241   12312.5
-145.376   12343.8
-145.647   12375
-145.159   12406.3
-145.023   12437.5
-145.982   12468.8
