%01/22/2016 1:08 PM

-49.9834   0
-53.3171   250
-64.0177   500
-84.0315   750
-96.3314   1000
-98.3304   1250
-100.471   1500
-104.727   1750
-106.962   2000
-106.709   2250
-106.979   2500
-107.45   2750
-107.438   3000
-107.544   3250
-108.073   3500
-108.643   3750
-109.019   4000
-109.543   4250
-109.637   4500
-109.713   4750
-110.019   5000
-110.413   5250
-110.413   5500
-110.26   5750
-110.307   6000
-110.63   6250
-110.589   6500
-110.189   6750
-110.113   7000
-110.536   7250
-110.53   7500
-109.584   7750
-109.255   8000
-109.601   8250
-109.825   8500
-109.954   8750
-110.154   9000
-109.966   9250
-109.96   9500
-109.701   9750
-109.378   10000
-109.531   10250
-109.596   10500
-109.354   10750
-109.331   11000
-109.366   11250
-109.366   11500
-109.478   11750
-109.102   12000
-108.955   12250
-109.249   12500
-109.56   12750
-109.696   13000
-109.743   13250
-109.719   13500
-109.507   13750
-109.237   14000
-109.372   14250
-109.249   14500
-109.037   14750
-109.019   15000
-108.872   15250
-108.514   15500
-108.561   15750
-108.549   16000
-108.373   16250
-108.12   16500
-108.208   16750
-108.373   17000
-108.431   17250
-108.473   17500
-108.373   17750
-108.155   18000
-108.508   18250
-108.437   18500
-108.043   18750
-107.861   19000
-107.744   19250
-107.649   19500
-107.455   19750
-107.773   20000
-108.043   20250
-107.732   20500
-107.467   20750
-107.414   21000
-107.385   21250
-107.538   21500
-107.638   21750
-107.003   22000
-106.92   22250
-107.291   22500
-107.408   22750
-107.267   23000
-107.067   23250
-106.82   23500
-106.867   23750
-107.332   24000
-107.303   24250
-106.785   24500
-106.573   24750
-106.915   25000
-107.485   25250
-108.143   25500
-108.343   25750
-108.079   26000
-107.979   26250
-107.843   26500
-107.985   26750
-108.102   27000
-108.337   27250
-108.643   27500
-108.226   27750
-107.938   28000
-108.296   28250
-108.749   28500
-109.102   28750
-109.272   29000
-109.519   29250
-109.266   29500
-109.102   29750
-109.266   30000
-109.049   30250
-109.331   30500
-109.584   30750
-109.554   31000
-109.284   31250
-109.043   31500
-109.302   31750
-109.39   32000
-109.46   32250
-109.402   32500
-109.113   32750
-109.149   33000
-109.484   33250
-110.078   33500
-110.266   33750
-110.119   34000
-110.178   34250
-110.113   34500
-110.054   34750
-110.16   35000
-110.119   35250
-110.119   35500
-110.207   35750
-110.43   36000
-110.666   36250
-110.213   36500
-110.178   36750
-110.166   37000
-109.96   37250
-109.884   37500
-110.295   37750
-110.754   38000
-110.818   38250
-110.983   38500
-110.701   38750
-110.572   39000
-110.63   39250
-110.583   39500
-110.542   39750
-110.624   40000
-110.977   40250
-111.436   40500
-111.442   40750
-110.96   41000
-110.866   41250
-111.024   41500
-111.289   41750
-111.43   42000
-111.548   42250
-111.401   42500
-111.183   42750
-110.96   43000
-110.771   43250
-110.501   43500
-110.554   43750
-110.436   44000
-110.442   44250
-110.701   44500
-110.948   44750
-110.848   45000
-110.754   45250
-110.924   45500
-110.813   45750
-110.66   46000
-110.971   46250
-111.318   46500
-111.277   46750
-110.913   47000
-110.672   47250
-110.748   47500
-110.854   47750
-111.101   48000
-111.436   48250
-111.348   48500
-111.23   48750
-111.389   49000
-111.189   49250
-110.736   49500
-110.613   49750
-110.848   50000
-110.76   50250
-110.76   50500
-111.424   50750
-112.036   51000
-111.941   51250
-111.647   51500
-111.283   51750
-110.754   52000
-110.542   52250
-111.06   52500
-111.553   52750
-111.354   53000
-111.013   53250
-110.707   53500
-110.672   53750
-110.971   54000
-111.083   54250
-110.995   54500
-110.742   54750
-110.795   55000
-110.983   55250
-110.889   55500
-111.007   55750
-111.43   56000
-111.359   56250
-111.389   56500
-111.436   56750
-110.971   57000
-110.877   57250
-111.436   57500
-111.154   57750
-110.501   58000
-110.607   58250
-110.936   58500
-111.06   58750
-111.095   59000
-111.024   59250
-111.024   59500
-110.924   59750
-111.112   60000
-111.589   60250
-111.336   60500
-110.913   60750
-110.901   61000
-110.824   61250
-110.913   61500
-111.013   61750
-110.848   62000
-110.736   62250
-110.854   62500
-111.001   62750
-110.889   63000
-110.66   63250
-110.601   63500
-111.077   63750
-111.183   64000
-111.159   64250
-111.248   64500
-111.312   64750
-111.395   65000
-111.401   65250
-111.201   65500
-110.907   65750
-111.077   66000
-111.048   66250
-110.818   66500
-110.701   66750
-110.378   67000
-110.178   67250
-110.454   67500
-110.895   67750
-111.336   68000
-111.489   68250
-111.589   68500
-111.107   68750
-110.736   69000
-110.66   69250
-110.63   69500
-111.042   69750
-111.212   70000
-110.901   70250
-111.013   70500
-111.036   70750
-110.883   71000
-110.866   71250
-111.007   71500
-111.212   71750
-111.524   72000
-111.589   72250
-111.512   72500
-111.359   72750
-111.312   73000
-111.63   73250
-111.618   73500
-111.077   73750
-110.801   74000
-110.989   74250
-111.207   74500
-111.136   74750
-110.854   75000
-110.783   75250
-110.948   75500
-110.76   75750
-110.96   76000
-111.377   76250
-111.248   76500
-111.148   76750
-111.224   77000
-111.06   77250
-110.942   77500
-111.089   77750
-111.465   78000
-111.371   78250
-110.936   78500
-110.848   78750
-110.742   79000
-110.924   79250
-111.277   79500
-110.936   79750
-110.472   80000
-110.425   80250
-110.707   80500
-111.189   80750
-111.359   81000
-111.171   81250
-111.007   81500
-110.536   81750
-110.642   82000
-111.359   82250
-111.618   82500
-111.248   82750
-111.171   83000
-111.283   83250
-111.224   83500
-111.101   83750
-111.183   84000
-111.054   84250
-110.907   84500
-111.283   84750
-111.865   85000
-111.565   85250
-110.942   85500
-110.866   85750
-111.23   86000
-111.271   86250
-111.065   86500
-110.965   86750
-111.254   87000
-111.371   87250
-111.124   87500
-110.954   87750
-111.013   88000
-110.889   88250
-110.771   88500
-110.883   88750
-110.954   89000
-110.719   89250
-110.677   89500
-110.93   89750
-111.236   90000
-110.948   90250
-110.56   90500
-110.701   90750
-111.107   91000
-111.23   91250
-110.854   91500
-110.707   91750
-110.748   92000
-110.777   92250
-111.112   92500
-111.506   92750
-111.506   93000
-111.101   93250
-111.142   93500
-111.183   93750
-111.289   94000
-111.189   94250
-110.807   94500
-110.748   94750
-111.159   95000
-111.377   95250
-111.218   95500
-111.089   95750
-111.101   96000
-111.277   96250
-110.871   96500
-110.342   96750
-110.401   97000
-110.648   97250
-111.112   97500
-111.195   97750
-110.572   98000
-110.166   98250
-110.672   98500
-111.33   98750
-111.212   99000
-111.559   99250
-111.518   99500
-110.889   99750
